{"K": [[1111.111111111111, 0, 400.0], [0.0, 1111.111111111111, 400.0], [0.0, 0.0, 1.0]], "0000": [[-0.887729287147522, -0.2512269914150238, 0.38577431440353394, 1.5430972576141357], [0.46036601066589355, -0.4844440221786499, 0.7438932657241821, 2.9755730628967285], [-1.4901162970204496e-08, 0.8379731178283691, 0.5457114577293396, 2.1828458309173584], [0.0, 0.0, 0.0, 1.0]], "0001": [[0.9830516576766968, -0.11182655394077301, 0.14527377486228943, 0.5810950994491577], [0.18332935869693756, 0.5996381640434265, -0.7789893746376038, -3.115957498550415], [0.0, 0.7924196720123291, 0.6099762916564941, 2.4399051666259766], [0.0, 0.0, 0.0, 1.0]], "0002": [[-0.6316798329353333, 0.5810877084732056, -0.5131449103355408, -2.052579402923584], [-0.7752293348312378, -0.4734874665737152, 0.4181256890296936, 1.6725025177001953], [1.4901159417490817e-08, 0.6619265079498291, 0.74956876039505, 2.998274803161621], [0.0, 0.0, 0.0, 1.0]], "0003": [[-0.27172964811325073, 0.12377455830574036, -0.9543808698654175, -3.81752347946167], [-0.9623737335205078, -0.034948185086250305, 0.2694728374481201, 1.0778913497924805], [0.0, 0.9916947484016418, 0.12861382961273193, 0.5144553184509277], [0.0, 0.0, 0.0, 1.0]], "0004": [[0.20009976625442505, 0.25715357065200806, -0.9454270601272583, -3.781707763671875], [-0.979775607585907, 0.05251852050423622, -0.1930847465991974, -0.7723388671875], [0.0, 0.9649423956871033, 0.26246175169944763, 1.049846887588501], [0.0, 0.0, 0.0, 1.0]], "0005": [[0.9999763369560242, -0.0023157841060310602, 0.006485879421234131, 0.025943517684936523], [0.006886906921863556, 0.3362509608268738, -0.94174724817276, -3.76698899269104], [0.0, 0.9417695999145508, 0.33625897765159607, 1.3450359106063843], [0.0, 0.0, 0.0, 1.0]], "0006": [[-0.9452770948410034, -0.2533831298351288, 0.205544114112854, 0.822176456451416], [0.3262689411640167, -0.7341099381446838, 0.5955091714859009, 2.3820366859436035], [0.0, 0.6299837827682495, 0.7766082882881165, 3.106433153152466], [0.0, 0.0, 0.0, 1.0]], "0007": [[0.24580951035022736, -0.556390643119812, 0.7937300205230713, 3.174919605255127], [0.9693182110786438, 0.14109516143798828, -0.2012820839881897, -0.8051282167434692], [0.0, 0.8188539147377014, 0.5740020871162415, 2.2960081100463867], [0.0, 0.0, 0.0, 1.0]], "0008": [[-0.7203642725944519, 0.4384141266345978, -0.5374648571014404, -2.1498591899871826], [-0.6935960054397583, -0.45533403754234314, 0.5582074522972107, 2.2328295707702637], [-1.4901159417490817e-08, 0.7748961448669434, 0.6320887207984924, 2.5283546447753906], [0.0, 0.0, 0.0, 1.0]], "0009": [[-0.4223310649394989, 0.27262645959854126, -0.8644717335700989, -3.4578869342803955], [-0.9064416289329529, -0.1270226687192917, 0.4027763903141022, 1.6111055612564087], [-7.4505797087454084e-09, 0.9536980986595154, 0.30076560378074646, 1.2030624151229858], [0.0, 0.0, 0.0, 1.0]], "0010": [[-0.991339921951294, 0.10697204619646072, -0.07617314159870148, -0.3046925663948059], [-0.13132163882255554, -0.807526171207428, 0.5750269293785095, 2.300107717514038], [0.0, 0.5800502300262451, 0.8145806789398193, 3.2583227157592773], [0.0, 0.0, 0.0, 1.0]], "0011": [[-0.6959899663925171, 0.3834109902381897, -0.6071195006370544, -2.4284777641296387], [-0.7180516123771667, -0.3716309666633606, 0.5884661674499512, 2.3538644313812256], [-1.4901161193847656e-08, 0.8455095887184143, 0.5339603424072266, 2.135841131210327], [0.0, 0.0, 0.0, 1.0]], "0012": [[0.06707606464624405, -0.31177881360054016, 0.9477842450141907, 3.7911365032196045], [0.9977478981018066, 0.020960098132491112, -0.06371713429689407, -0.2548685073852539], [1.8626449271863521e-09, 0.9499235153198242, 0.3124825656414032, 1.2499301433563232], [0.0, 0.0, 0.0, 1.0]], "0013": [[0.5745943188667297, 0.0679374486207962, -0.8156139254570007, -3.2624552249908447], [-0.8184384107589722, 0.04769628494977951, -0.5726113319396973, -2.29044508934021], [0.0, 0.9965487718582153, 0.08300865441560745, 0.3320345878601074], [0.0, 0.0, 0.0, 1.0]], "0014": [[0.9999992847442627, 0.0009989956161007285, -0.0007256269454956055, -0.002902507781982422], [-0.0012347173178568482, 0.8090879321098328, -0.5876862406730652, -2.3507449626922607], [5.820766785236131e-11, 0.5876866579055786, 0.8090885877609253, 3.236354351043701], [0.0, 0.0, 0.0, 1.0]], "0015": [[-0.296587198972702, 0.7425864934921265, -0.6005008220672607, -2.402003288269043], [-0.9550058841705322, -0.23061813414096832, 0.18649190664291382, 0.7459676265716553], [-1.4901162970204496e-08, 0.628792941570282, 0.7775728106498718, 3.1102912425994873], [0.0, 0.0, 0.0, 1.0]], "0016": [[0.544420599937439, -0.5768345594406128, 0.6089893579483032, 2.435957431793213], [0.8388123512268066, 0.3743872344493866, -0.3952568769454956, -1.5810275077819824], [-1.4901161193847656e-08, 0.7260137796401978, 0.6876801252365112, 2.750720500946045], [0.0, 0.0, 0.0, 1.0]], "0017": [[-0.7978572845458984, 0.38682821393013, -0.4623717963695526, -1.8494871854782104], [-0.6028463244438171, -0.5119608640670776, 0.6119415163993835, 2.447766065597534], [-2.9802318834981634e-08, 0.7669811844825745, 0.6416696310043335, 2.566678524017334], [0.0, 0.0, 0.0, 1.0]], "0018": [[0.04528854787349701, -0.1346157193183899, 0.9898624420166016, 3.9594497680664062], [0.9989740252494812, 0.006102812010794878, -0.04487547278404236, -0.17950189113616943], [0.0, 0.9908791184425354, 0.1347540020942688, 0.5390160083770752], [0.0, 0.0, 0.0, 1.0]], "0019": [[0.9989767670631409, 0.015435434877872467, -0.04251015558838844, -0.17004060745239258], [-0.04522571712732315, 0.3409484922885895, -0.9389935731887817, -3.7559738159179688], [0.0, 0.9399552345275879, 0.34129777550697327, 1.3651909828186035], [0.0, 0.0, 0.0, 1.0]], "0020": [[0.8531661033630371, -0.09941716492176056, 0.5120779871940613, 2.048311948776245], [0.5216394066810608, 0.1626015156507492, -0.8375279903411865, -3.350111961364746], [0.0, 0.9816704988479614, 0.19058603048324585, 0.7623441219329834], [0.0, 0.0, 0.0, 1.0]], "0021": [[-0.9565237760543823, 0.02716766484081745, -0.2903864085674286, -1.161545753479004], [-0.291654497385025, -0.08910034596920013, 0.9523648023605347, 3.809459686279297], [-1.862645371275562e-09, 0.9956520199775696, 0.09315016120672226, 0.3726006746292114], [0.0, 0.0, 0.0, 1.0]], "0022": [[0.7363021373748779, 0.35670006275177, -0.5749993920326233, -2.299997329711914], [-0.6766529679298401, 0.3881443440914154, -0.6256874799728394, -2.5027496814727783], [0.0, 0.8497700095176697, 0.527153730392456, 2.108614683151245], [0.0, 0.0, 0.0, 1.0]], "0023": [[-0.16892613470554352, 0.49780434370040894, -0.8506790995597839, -3.4027159214019775], [-0.9856287240982056, -0.08531828969717026, 0.14579720795154572, 0.5831887722015381], [0.0, 0.8630826473236084, 0.5050628185272217, 2.0202510356903076], [0.0, 0.0, 0.0, 1.0]], "0024": [[-0.6058906316757202, 0.09702985733747482, -0.7896086573600769, -3.1584346294403076], [-0.7955480813980103, -0.073898084461689, 0.601367175579071, 2.405468702316284], [3.725290742551124e-09, 0.9925342798233032, 0.12196606397628784, 0.48786425590515137], [0.0, 0.0, 0.0, 1.0]], "0025": [[0.9313701391220093, 0.16228748857975006, -0.32590270042419434, -1.3036108016967773], [-0.36407390236854553, 0.41516217589378357, -0.8337209224700928, -3.334883689880371], [0.0, 0.8951554298400879, 0.4457542300224304, 1.7830169200897217], [0.0, 0.0, 0.0, 1.0]], "0026": [[0.9558062553405762, 0.1780141294002533, -0.23397745192050934, -0.9359098076820374], [-0.2939974069595337, 0.578736424446106, -0.7606770992279053, -3.042708396911621], [0.0, 0.7958486676216125, 0.6054955720901489, 2.4219822883605957], [0.0, 0.0, 0.0, 1.0]], "0027": [[-0.716896653175354, 0.19649186730384827, -0.6689171195030212, -2.675668478012085], [-0.6971794366836548, -0.20204892754554749, 0.6878350377082825, 2.75134015083313], [0.0, 0.9594619274139404, 0.2818382978439331, 1.1273531913757324], [0.0, 0.0, 0.0, 1.0]], "0028": [[0.9822620749473572, -0.056067533791065216, 0.17893463373184204, 0.7157385349273682], [0.18751311302185059, 0.2937021851539612, -0.9373248815536499, -3.7492995262145996], [0.0, 0.954251229763031, 0.2990059554576874, 1.1960238218307495], [0.0, 0.0, 0.0, 1.0]], "0029": [[-0.9152309894561768, -0.2338179349899292, 0.32814866304397583, 1.3125946521759033], [0.4029296636581421, -0.5311036109924316, 0.7453702092170715, 2.981480836868286], [1.4901159417490817e-08, 0.81440669298172, 0.5802946090698242, 2.321178436279297], [0.0, 0.0, 0.0, 1.0]], "0030": [[-0.8363868594169617, 0.3348983824253082, -0.4339357614517212, -1.7357430458068848], [-0.548139750957489, -0.5110093951225281, 0.6621270179748535, 2.648508071899414], [1.4901162970204496e-08, 0.7916516661643982, 0.6109726428985596, 2.4438905715942383], [0.0, 0.0, 0.0, 1.0]], "0031": [[-0.2871857285499573, -0.46903887391090393, 0.8351808190345764, 3.3407232761383057], [0.9578750133514404, -0.14062510430812836, 0.2504001259803772, 1.0016005039215088], [0.0, 0.8719100952148438, 0.48966604471206665, 1.9586641788482666], [0.0, 0.0, 0.0, 1.0]], "0032": [[0.3565193712711334, -0.7280659079551697, 0.5855032205581665, 2.342012882232666], [0.9342879056930542, 0.2778261601924896, -0.2234249711036682, -0.8936998844146729], [0.0, 0.6266838908195496, 0.7792735695838928, 3.1170942783355713], [0.0, 0.0, 0.0, 1.0]], "0033": [[0.5577435493469238, -0.7034943699836731, 0.44047456979751587, 1.7618982791900635], [0.8300133943557739, 0.47272664308547974, -0.2959854006767273, -1.1839416027069092], [0.0, 0.5306837558746338, 0.8475699424743652, 3.390279769897461], [0.0, 0.0, 0.0, 1.0]], "0034": [[0.9999464750289917, -0.008229326456785202, 0.006273448467254639, 0.025093793869018555], [0.010347848758101463, 0.7952267527580261, -0.6062238812446594, -2.4248955249786377], [0.0, 0.606256365776062, 0.7952693104743958, 3.181077241897583], [0.0, 0.0, 0.0, 1.0]], "0035": [[-0.8931819200515747, -0.18677686154842377, 0.40907272696495056, 1.6362909078598022], [0.44969555735588074, -0.3709747791290283, 0.8124971389770508, 3.249988555908203], [0.0, 0.9096659421920776, 0.41534069180488586, 1.6613627672195435], [0.0, 0.0, 0.0, 1.0]], "0036": [[0.9868621826171875, -0.08989015221595764, 0.1342490315437317, 0.5369961261749268], [0.16156435012817383, 0.5490641593933105, -0.8200156092643738, -3.280062437057495], [0.0, 0.8309321999549866, 0.556373655796051, 2.225494623184204], [0.0, 0.0, 0.0, 1.0]], "0037": [[-0.5163036584854126, 0.1279255449771881, -0.8467972874641418, -3.3871891498565674], [-0.8564056158065796, -0.07712282985448837, 0.510511040687561, 2.042044162750244], [0.0, 0.9887806177139282, 0.14937494695186615, 0.5974997878074646], [0.0, 0.0, 0.0, 1.0]], "0038": [[0.8782384991645813, 0.17492450773715973, -0.44508281350135803, -1.7803312540054321], [-0.47822311520576477, 0.32124218344688416, -0.8173776268959045, -3.269510507583618], [-1.4901162970204496e-08, 0.9307012557983398, 0.36578014492988586, 1.4631205797195435], [0.0, 0.0, 0.0, 1.0]], "0039": [[-0.9505978226661682, -0.07638271152973175, 0.30088114738464355, 1.2035245895385742], [0.31042513251304626, -0.23390255868434906, 0.9213716983795166, 3.6854867935180664], [7.450580596923828e-09, 0.9692549705505371, 0.2460584044456482, 0.9842336177825928], [0.0, 0.0, 0.0, 1.0]], "0040": [[-0.30593767762184143, -0.5224956274032593, 0.7958646416664124, 3.1834585666656494], [0.9520516395568848, -0.16790172457695007, 0.2557476758956909, 1.0229907035827637], [0.0, 0.8359469175338745, 0.5488102436065674, 2.1952409744262695], [0.0, 0.0, 0.0, 1.0]], "0041": [[0.7545688152313232, -0.4575684070587158, 0.47037968039512634, 1.8815184831619263], [0.6562209129333496, 0.52614426612854, -0.5408755540847778, -2.1635019779205322], [-1.4901161193847656e-08, 0.7168006896972656, 0.6972780823707581, 2.789112091064453], [0.0, 0.0, 0.0, 1.0]], "0042": [[0.9324958324432373, -0.028406785801053047, 0.36006200313568115, 1.4402480125427246], [0.36118084192276, 0.07334056496620178, -0.9296072125434875, -3.71842885017395], [1.862645149230957e-09, 0.996902346611023, 0.07864975929260254, 0.31459903717041016], [0.0, 0.0, 0.0, 1.0]], "0043": [[0.9341493844985962, -0.22116544842720032, 0.28009095788002014, 1.1203638315200806], [0.3568825125694275, 0.5789063572883606, -0.7331454157829285, -2.932581663131714], [0.0, 0.7848268747329712, 0.6197150945663452, 2.478860378265381], [0.0, 0.0, 0.0, 1.0]], "0044": [[0.0636875331401825, 0.6086602807044983, -0.7908708453178406, -3.163482904434204], [-0.9979698657989502, 0.038842927664518356, -0.050471074879169464, -0.20188426971435547], [0.0, 0.7924795746803284, 0.6098985075950623, 2.43959379196167], [0.0, 0.0, 0.0, 1.0]], "0045": [[0.1734951138496399, -0.7983132004737854, 0.5767109394073486, 2.3068437576293945], [0.9848347902297974, 0.14063622057437897, -0.10159727931022644, -0.40638911724090576], [0.0, 0.5855916142463684, 0.8106062412261963, 3.242424964904785], [0.0, 0.0, 0.0, 1.0]], "0046": [[-0.9860572218894958, -0.0905315950512886, 0.1396256685256958, 0.5585026741027832], [0.1664070338010788, -0.5364516973495483, 0.8273622393608093, 3.3094489574432373], [7.450581485102248e-09, 0.8390611410140991, 0.5440371036529541, 2.1761484146118164], [0.0, 0.0, 0.0, 1.0]], "0047": [[0.46222323179244995, 0.2725496292114258, -0.8438403606414795, -3.3753609657287598], [-0.8867636919021606, 0.14206577837467194, -0.4398495852947235, -1.759398102760315], [0.0, 0.9515954852104187, 0.3073532283306122, 1.2294127941131592], [0.0, 0.0, 0.0, 1.0]], "0048": [[0.9208536744117737, -0.1937655359506607, 0.3383539319038391, 1.3534157276153564], [0.38990822434425354, 0.45761969685554504, -0.7990968823432922, -3.196387529373169], [0.0, 0.8677783012390137, 0.4969515800476074, 1.9878063201904297], [0.0, 0.0, 0.0, 1.0]], "0049": [[-0.9986639618873596, -0.024357229471206665, 0.04557490348815918, 0.18229961395263672], [0.05167539417743683, -0.47072088718414307, 0.8807675838470459, 3.5230703353881836], [0.0, 0.8819459080696106, 0.47135061025619507, 1.8854024410247803], [0.0, 0.0, 0.0, 1.0]], "0050": [[0.6782106757164001, 0.34101077914237976, -0.6509547233581543, -2.603818655014038], [-0.7348676323890686, 0.31471946835517883, -0.6007673144340515, -2.403069019317627], [0.0, 0.8858122825622559, 0.46404391527175903, 1.856175422668457], [0.0, 0.0, 0.0, 1.0]], "0051": [[0.990407407283783, 0.11527391523122787, -0.07619166374206543, -0.3047666549682617], [-0.13817831873893738, 0.8262377977371216, -0.5461116433143616, -2.1844465732574463], [0.0, 0.5514010787010193, 0.8342403173446655, 3.336961269378662], [0.0, 0.0, 0.0, 1.0]], "0052": [[0.49705949425697327, 0.15189532935619354, -0.8543182611465454, -3.4172730445861816], [-0.8677165508270264, 0.08701115101575851, -0.4893845021724701, -1.9575380086898804], [0.0, 0.9845591187477112, 0.17505180835723877, 0.7002072334289551], [0.0, 0.0, 0.0, 1.0]], "0053": [[0.9742231369018555, -0.18253614008426666, 0.132551372051239, 0.530205488204956], [0.22558657824993134, 0.7883045673370361, -0.5724392533302307, -2.289757013320923], [0.0, 0.5875853300094604, 0.8091621994972229, 3.2366487979888916], [0.0, 0.0, 0.0, 1.0]], "0054": [[-0.9575901627540588, 0.13038544356822968, -0.2569449841976166, -1.0277799367904663], [-0.288133829832077, -0.433325856924057, 0.8539365530014038, 3.4157462120056152], [-7.450580596923828e-09, 0.8917558193206787, 0.45251700282096863, 1.8100680112838745], [0.0, 0.0, 0.0, 1.0]], "0055": [[0.9890713691711426, -0.08425919711589813, 0.12098836898803711, 0.48395347595214844], [0.1474374234676361, 0.5652456283569336, -0.8116400837898254, -3.2465603351593018], [-7.4505797087454084e-09, 0.8206082582473755, 0.5714911818504333, 2.2859647274017334], [0.0, 0.0, 0.0, 1.0]], "0056": [[0.8021734952926636, -0.18171028792858124, 0.5687698721885681, 2.2750792503356934], [0.5970910787582397, 0.24412217736244202, -0.764124870300293, -3.0564990043640137], [1.4901159417490817e-08, 0.952567994594574, 0.3043259382247925, 1.2173036336898804], [0.0, 0.0, 0.0, 1.0]], "0057": [[0.20987646281719208, 0.14416863024234772, -0.967040479183197, -3.868161916732788], [-0.977728009223938, 0.030946847051382065, -0.2075822949409485, -0.830329179763794], [-1.862645371275562e-09, 0.9890691041946411, 0.147452712059021, 0.589810848236084], [0.0, 0.0, 0.0, 1.0]], "0058": [[-0.9918691515922546, 0.10071103274822235, -0.077800452709198, -0.311201810836792], [-0.12726202607154846, -0.7849330306053162, 0.6063699722290039, 2.4254798889160156], [3.725290298461914e-09, 0.6113407015800476, 0.7913675308227539, 3.1654701232910156], [0.0, 0.0, 0.0, 1.0]], "0059": [[-0.991761326789856, 0.044216401875019073, -0.12022620439529419, -0.48090481758117676], [-0.12809930741786957, -0.34232908487319946, 0.9308068156242371, 3.7232272624969482], [3.725290298461914e-09, 0.9385391473770142, 0.34517285227775574, 1.380691409111023], [0.0, 0.0, 0.0, 1.0]], "0060": [[-0.08881643414497375, 0.18778255581855774, -0.9781867861747742, -3.9127471446990967], [-0.9960480332374573, -0.016744351014494896, 0.08722376823425293, 0.3488950729370117], [-1.862645149230957e-09, 0.982067883014679, 0.18852761387825012, 0.7541104555130005], [0.0, 0.0, 0.0, 1.0]], "0061": [[-0.9963585138320923, -0.056365933269262314, 0.06397485733032227, 0.25589942932128906], [0.08526372164487839, -0.6586702466011047, 0.7475851774215698, 2.9903407096862793], [0.0, 0.7503175139427185, 0.661077618598938, 2.644310474395752], [0.0, 0.0, 0.0, 1.0]], "0062": [[-0.8872175216674805, -0.26931771636009216, 0.37458372116088867, 1.4983348846435547], [0.4613512456417084, -0.5179207921028137, 0.7203562259674072, 2.881424903869629], [0.0, 0.8119273781776428, 0.583758533000946, 2.335034132003784], [0.0, 0.0, 0.0, 1.0]], "0063": [[-0.8381668329238892, -0.12483931332826614, 0.5309346318244934, 2.1237385272979736], [0.5454139709472656, -0.19184723496437073, 0.815915584564209, 3.263662338256836], [0.0, 0.9734525084495544, 0.2288891077041626, 0.9155564308166504], [0.0, 0.0, 0.0, 1.0]], "0064": [[0.44200026988983154, 0.607123076915741, -0.6603312492370605, -2.641324996948242], [-0.8970149755477905, 0.2991572618484497, -0.32537537813186646, -1.3015015125274658], [-1.4901162970204496e-08, 0.7361429333686829, 0.6768260598182678, 2.7073042392730713], [0.0, 0.0, 0.0, 1.0]], "0065": [[-0.6663885712623596, -0.0726282075047493, 0.7420589327812195, 2.968235969543457], [0.7456046938896179, -0.06491188704967499, 0.6632195115089417, 2.6528782844543457], [3.725290298461914e-09, 0.9952445030212402, 0.09740845859050751, 0.3896338939666748], [0.0, 0.0, 0.0, 1.0]], "0066": [[-0.19779765605926514, -0.3740808665752411, 0.9060571789741516, 3.6242287158966064], [0.980242908000946, -0.07548365741968155, 0.1828281283378601, 0.7313125133514404], [0.0, 0.9243190884590149, 0.3816205859184265, 1.526482343673706], [0.0, 0.0, 0.0, 1.0]], "0067": [[0.7164214849472046, -0.585199773311615, 0.37984398007392883, 1.5193759202957153], [0.6976677775382996, 0.6009303331375122, -0.3900544047355652, -1.5602176189422607], [-2.980232594040899e-08, 0.5444482564926147, 0.8387944102287292, 3.355177640914917], [0.0, 0.0, 0.0, 1.0]], "0068": [[-0.903910756111145, 0.22688639163970947, -0.3625851571559906, -1.4503405094146729], [-0.42772114276885986, -0.47948306798934937, 0.766257643699646, 3.065030097961426], [-1.4901159417490817e-08, 0.8477137088775635, 0.5304540395736694, 2.1218159198760986], [0.0, 0.0, 0.0, 1.0]], "0069": [[0.9806574583053589, -0.022635411471128464, 0.1944185346364975, 0.77767413854599], [0.1957317739725113, 0.11340818554162979, -0.9740778207778931, -3.8963112831115723], [-1.862645149230957e-09, 0.9932906031608582, 0.11564505100250244, 0.46258020401000977], [0.0, 0.0, 0.0, 1.0]], "0070": [[0.5075733065605164, -0.42963042855262756, 0.7468514442443848, 2.987405776977539], [0.8616086840629578, 0.2530950903892517, -0.43996983766555786, -1.7598793506622314], [0.0, 0.8668105006217957, 0.4986375868320465, 1.994550347328186], [0.0, 0.0, 0.0, 1.0]], "0071": [[0.9919499158859253, -0.05946826934814453, 0.11179894208908081, 0.44719576835632324], [0.12663127481937408, 0.4658370912075043, -0.8757627010345459, -3.5030508041381836], [-3.725290298461914e-09, 0.8828699588775635, 0.4696175754070282, 1.8784703016281128], [0.0, 0.0, 0.0, 1.0]], "0072": [[-0.6772362589836121, 0.31083300709724426, -0.6668838262557983, -2.6675350666046143], [-0.7357656955718994, -0.28610652685165405, 0.6138338446617126, 2.4553351402282715], [0.0, 0.9063807129859924, 0.42246198654174805, 1.689847707748413], [0.0, 0.0, 0.0, 1.0]], "0073": [[-0.9972411394119263, -0.059019576758146286, 0.04502144455909729, 0.18008577823638916], [0.07423100620508194, -0.7928863763809204, 0.604831337928772, 2.419325351715088], [0.0, 0.6065046191215515, 0.7950799465179443, 3.1803197860717773], [0.0, 0.0, 0.0, 1.0]], "0074": [[-0.9846553802490234, -0.060001522302627563, 0.163871169090271, 0.655484676361084], [0.17451058328151703, -0.33855152130126953, 0.9246237277984619, 3.6984949111938477], [3.725290298461914e-09, 0.9390328526496887, 0.3438274562358856, 1.3753098249435425], [0.0, 0.0, 0.0, 1.0]], "0075": [[-0.35819897055625916, 0.3235087990760803, -0.875805675983429, -3.503222703933716], [-0.9336453676223755, -0.1241161972284317, 0.3360083997249603, 1.3440335988998413], [7.450581485102248e-09, 0.9380496740341187, 0.3465007543563843, 1.386003017425537], [0.0, 0.0, 0.0, 1.0]], "0076": [[-0.8247457146644592, -0.3477874994277954, 0.4459131360054016, 1.7836525440216064], [0.5655039548873901, -0.5072223544120789, 0.6503313183784485, 2.601325273513794], [1.4901162970204496e-08, 0.7885234951972961, 0.6150045990943909, 2.4600183963775635], [0.0, 0.0, 0.0, 1.0]], "0077": [[-0.5062884092330933, -0.24976535141468048, 0.825402557849884, 3.301610231399536], [0.8623642325401306, -0.14663559198379517, 0.4845884144306183, 1.9383536577224731], [0.0, 0.9571390748023987, 0.28962862491607666, 1.1585144996643066], [0.0, 0.0, 0.0, 1.0]], "0078": [[0.018098371103405952, -0.19703298807144165, 0.9802297949790955, 3.920919179916382], [0.999836266040802, 0.003566560335457325, -0.017743468284606934, -0.07097387313842773], [-2.3283064365386963e-10, 0.9803904294967651, 0.19706526398658752, 0.7882610559463501], [0.0, 0.0, 0.0, 1.0]], "0079": [[0.17853106558322906, -0.4078082740306854, 0.8954434990882874, 3.5817739963531494], [0.9839342832565308, 0.07399523258209229, -0.16247475147247314, -0.6498990058898926], [0.0, 0.9100643396377563, 0.4144670367240906, 1.6578681468963623], [0.0, 0.0, 0.0, 1.0]], "0080": [[-0.40825676918029785, 0.6339784860610962, -0.6568087339401245, -2.627234935760498], [-0.9128671884536743, -0.2835308611392975, 0.2937411367893219, 1.1749645471572876], [1.4901161193847656e-08, 0.7195008993148804, 0.6944915056228638, 2.777966022491455], [0.0, 0.0, 0.0, 1.0]], "0081": [[0.4312177300453186, 0.2275073528289795, -0.8730932474136353, -3.492372512817383], [-0.9022478461265564, 0.10873420536518097, -0.41728365421295166, -1.6691343784332275], [0.0, 0.967686653137207, 0.25215616822242737, 1.00862455368042], [0.0, 0.0, 0.0, 1.0]], "0082": [[0.9931190013885498, 0.026968518272042274, -0.11396253108978271, -0.45585012435913086], [-0.11711002886295319, 0.2286989986896515, -0.9664275050163269, -3.8657100200653076], [-1.862645149230957e-09, 0.9731235504150391, 0.23028360307216644, 0.9211344122886658], [0.0, 0.0, 0.0, 1.0]], "0083": [[-0.6185598969459534, 0.31023672223091125, -0.721898078918457, -2.887592315673828], [-0.7857376933097839, -0.24422907829284668, 0.5683031678199768, 2.2732126712799072], [1.4901161193847656e-08, 0.9187520742416382, 0.3948349952697754, 1.5793399810791016], [0.0, 0.0, 0.0, 1.0]], "0084": [[-0.9230738282203674, -0.037244025617837906, 0.3828154504299164, 1.5312615633010864], [0.38462287187576294, -0.08938361704349518, 0.9187361001968384, 3.6749439239501953], [-3.7252898543727042e-09, 0.9953007102012634, 0.09683258831501007, 0.3873302936553955], [0.0, 0.0, 0.0, 1.0]], "0085": [[-0.2758671045303345, -0.7300671339035034, 0.6252194046974182, 2.500877618789673], [0.9611958265304565, -0.209532231092453, 0.17944049835205078, 0.7177619934082031], [1.4901161193847656e-08, 0.6504600644111633, 0.7595404982566833, 3.0381619930267334], [0.0, 0.0, 0.0, 1.0]], "0086": [[-0.5373978614807129, 0.6656463146209717, -0.517801821231842, -2.071207284927368], [-0.8433289527893066, -0.42417240142822266, 0.3299608826637268, 1.3198435306549072], [0.0, 0.6139974594116211, 0.7893080115318298, 3.1572320461273193], [0.0, 0.0, 0.0, 1.0]], "0087": [[-0.2667562663555145, 0.6078276038169861, -0.7479216456413269, -2.9916865825653076], [-0.9637640714645386, -0.16823810338974, 0.20701414346694946, 0.8280565738677979], [-1.4901161193847656e-08, 0.7760422229766846, 0.6306809186935425, 2.52272367477417], [0.0, 0.0, 0.0, 1.0]], "0088": [[0.9791918992996216, -0.162202849984169, 0.12195688486099243, 0.4878275394439697], [0.2029365599155426, 0.7826471328735352, -0.5884557962417603, -2.353823184967041], [0.0, 0.6009606719017029, 0.7992786169052124, 3.1971144676208496], [0.0, 0.0, 0.0, 1.0]], "0089": [[0.8962815999984741, 0.37700650095939636, -0.23354995250701904, -0.9341998100280762], [-0.44348567724227905, 0.761927604675293, -0.47200292348861694, -1.8880116939544678], [-1.4901162970204496e-08, 0.526623547077179, 0.8500986099243164, 3.4003944396972656], [0.0, 0.0, 0.0, 1.0]], "0090": [[-0.33096304535865784, -0.170111745595932, 0.9281839728355408, 3.712735891342163], [0.9436436891555786, -0.059663087129592896, 0.32554084062576294, 1.3021633625030518], [0.0, 0.9836170673370361, 0.18027113378047943, 0.7210845351219177], [0.0, 0.0, 0.0, 1.0]], "0091": [[0.035962965339422226, -0.3056952655315399, 0.9514500498771667, 3.805800199508667], [0.9993531703948975, 0.01100082416087389, -0.034239113330841064, -0.13695645332336426], [0.0, 0.9520658254623413, 0.3058931529521942, 1.2235726118087769], [0.0, 0.0, 0.0, 1.0]], "0092": [[0.9627761244773865, -0.2255726456642151, 0.14892655611038208, 0.5957062244415283], [0.27030012011528015, 0.8034623265266418, -0.5304582715034485, -2.121833086013794], [0.0, 0.5509674549102783, 0.8345267176628113, 3.338106870651245], [0.0, 0.0, 0.0, 1.0]], "0093": [[0.023570284247398376, 0.8385180830955505, -0.5443636775016785, -2.177454710006714], [-0.9997222423553467, 0.01976959966123104, -0.012834370136260986, -0.051337480545043945], [9.31322685637781e-10, 0.5445148944854736, 0.8387511372566223, 3.3550045490264893], [0.0, 0.0, 0.0, 1.0]], "0094": [[0.2938595116138458, 0.7293257117271423, -0.6178435683250427, -2.471374034881592], [-0.9558486938476562, 0.22421884536743164, -0.1899455487728119, -0.759782075881958], [0.0, 0.6463821530342102, 0.7630138993263245, 3.0520551204681396], [0.0, 0.0, 0.0, 1.0]], "0095": [[0.26627489924430847, -0.38746362924575806, 0.8825925588607788, 3.5303702354431152], [0.9638971090316772, 0.10703615844249725, -0.24381466209888458, -0.9752586483955383], [0.0, 0.9156501293182373, 0.4019761085510254, 1.6079044342041016], [0.0, 0.0, 0.0, 1.0]], "0096": [[-0.9722808599472046, -0.19449132680892944, 0.12978112697601318, 0.5191245079040527], [0.2338162064552307, -0.8087557554244995, 0.539670467376709, 2.158681869506836], [7.450580596923828e-09, 0.5550562143325806, 0.831812858581543, 3.327251434326172], [0.0, 0.0, 0.0, 1.0]], "0097": [[0.4665784537792206, 0.26611000299453735, -0.843498706817627, -3.373994827270508], [-0.8844799399375916, 0.14037761092185974, -0.4449601471424103, -1.7798405885696411], [-1.4901162970204496e-08, 0.9536663889884949, 0.30086609721183777, 1.203464388847351], [0.0, 0.0, 0.0, 1.0]], "0098": [[-0.6272518634796143, -0.5449236631393433, 0.5564290285110474, 2.2257161140441895], [0.7788164615631104, -0.4388766884803772, 0.44814303517341614, 1.7925721406936646], [-1.4901161193847656e-08, 0.7144546508789062, 0.6996817588806152, 2.798727035522461], [0.0, 0.0, 0.0, 1.0]], "0099": [[-0.9992796182632446, 0.00922958180308342, -0.036810729652643204, -0.14724290370941162], [-0.03795016184449196, -0.2430274933576584, 0.9692768454551697, 3.8771069049835205], [9.313224635931761e-10, 0.9699755311012268, 0.24320271611213684, 0.9728107452392578], [0.0, 0.0, 0.0, 1.0]]}