{"K": [[1111.111111111111, 0, 400.0], [0.0, 1111.111111111111, 400.0], [0.0, 0.0, 1.0]], "0000": [[-0.3333700895309448, -0.41017982363700867, 0.8488916158676147, 3.0305428504943848], [0.9427960515022278, -0.1450384557247162, 0.30016574263572693, 1.0715916156768799], [0.0, 0.9003979563713074, 0.43506741523742676, 1.5531905889511108], [0.0, 0.0, 0.0, 1.0]], "0001": [[-0.7148287296295166, 0.3769684135913849, -0.5889946818351746, -2.1027109622955322], [-0.6992996335029602, -0.3853396475315094, 0.6020743250846863, 2.1494052410125732], [0.0, 0.8422636389732361, 0.5390657186508179, 1.924464464187622], [0.0, 0.0, 0.0, 1.0]], "0002": [[0.9989490509033203, -0.02583429217338562, 0.03786160796880722, 0.13516592979431152], [0.0458357073366642, 0.5630357265472412, -0.8251605033874512, -2.9458229541778564], [0.0, 0.82602858543396, 0.563628077507019, 2.0121521949768066], [0.0, 0.0, 0.0, 1.0]], "0003": [[-0.5520296096801758, 0.09452881664037704, -0.8284488916397095, -2.9575626850128174], [-0.8338245153427124, -0.0625823587179184, 0.5484707355499268, 1.9580405950546265], [3.725290742551124e-09, 0.9935530424118042, 0.11336775869131088, 0.4047229290008545], [0.0, 0.0, 0.0, 1.0]], "0004": [[0.6705966591835022, -0.1438928246498108, 0.7277327179908752, 2.598006010055542], [0.7418221831321716, 0.130077064037323, -0.6578599810600281, -2.348560333251953], [0.0, 0.9810070395469666, 0.1939721256494522, 0.6924805045127869], [0.0, 0.0, 0.0, 1.0]], "0005": [[-0.9968252778053284, 0.003544531064108014, -0.07954125106334686, -0.2839622497558594], [-0.07962018996477127, -0.044376663863658905, 0.9958370327949524, 3.555138111114502], [-2.3283064365386963e-10, 0.9990085959434509, 0.04451799392700195, 0.1589292287826538], [0.0, 0.0, 0.0, 1.0]], "0006": [[-0.5677474141120911, 0.16248205304145813, -0.8070083856582642, -2.8810200691223145], [-0.823202908039093, -0.1120607852935791, 0.5565783381462097, 1.9869847297668457], [0.0, 0.9803275465965271, 0.19737789034843445, 0.7046391367912292], [0.0, 0.0, 0.0, 1.0]], "0007": [[0.5471572279930115, 0.08631016314029694, -0.8325680494308472, -2.9722678661346436], [-0.8370299935340881, 0.05642000958323479, -0.5442405939102173, -1.9429388046264648], [3.725290742551124e-09, 0.9946694374084473, 0.10311480611562729, 0.36811983585357666], [0.0, 0.0, 0.0, 1.0]], "0008": [[-0.9709055423736572, -0.07634872198104858, 0.22696542739868164, 0.8102666139602661], [0.23946279287338257, -0.3095570504665375, 0.920234739780426, 3.285238265991211], [7.450580596923828e-09, 0.9478107690811157, 0.3188333213329315, 1.1382349729537964], [0.0, 0.0, 0.0, 1.0]], "0009": [[0.6560999155044556, -0.044884126633405685, -0.753338098526001, -2.6894171237945557], [-0.7546740174293518, -0.03902144730091095, -0.6549384593963623, -2.338130474090576], [-1.862645149230957e-09, 0.9982298612594604, -0.059474848210811615, -0.21232521533966064], [0.0, 0.0, 0.0, 1.0]], "0010": [[0.9875718355178833, 0.018078383058309555, -0.15612515807151794, -0.5573668479919434], [-0.15716835856437683, 0.11359603703022003, -0.9810168147087097, -3.502230167388916], [1.862645149230957e-09, 0.993362545967102, 0.1150255873799324, 0.4106413722038269], [0.0, 0.0, 0.0, 1.0]], "0011": [[0.9184739589691162, 0.1542431265115738, -0.36416301131248474, -1.3000619411468506], [-0.39548155665397644, 0.3582172691822052, -0.8457392454147339, -3.019289016723633], [1.4901161193847656e-08, 0.9208091497421265, 0.3900134861469269, 1.392348051071167], [0.0, 0.0, 0.0, 1.0]], "0012": [[0.2977082133293152, -0.5468469858169556, 0.7825140357017517, 2.7935750484466553], [0.9546569585800171, 0.17053334414958954, -0.24402573704719543, -0.8711718320846558], [0.0, 0.8196808695793152, 0.5728204846382141, 2.044969081878662], [0.0, 0.0, 0.0, 1.0]], "0013": [[0.5079538822174072, -0.5727006793022156, 0.6434258818626404, 2.297030210494995], [0.8613842725753784, 0.3377186059951782, -0.37942489981651306, -1.3545467853546143], [0.0, 0.7469672560691833, 0.6648608446121216, 2.3735530376434326], [0.0, 0.0, 0.0, 1.0]], "0014": [[0.6417678594589233, -0.005533650983124971, 0.7668790221214294, 2.737757921218872], [0.7668989300727844, 0.004630752839148045, -0.6417511701583862, -2.2910516262054443], [-2.3283061589829401e-10, 0.9999740123748779, 0.007215618621557951, 0.025759756565093994], [0.0, 0.0, 0.0, 1.0]], "0015": [[0.9932162165641785, 0.046456966549158096, -0.10659889131784439, -0.3805580139160156], [-0.11628229171037674, 0.39680856466293335, -0.9105061888694763, -3.25050687789917], [-3.7252898543727042e-09, 0.9167250394821167, 0.39951884746551514, 1.4262821674346924], [0.0, 0.0, 0.0, 1.0]], "0016": [[-0.8911503553390503, 0.12963251769542694, -0.43479493260383606, -1.5522178411483765], [-0.45370835065841675, -0.25461745262145996, 0.8540016412734985, 3.04878568649292], [0.0, 0.9583137631416321, 0.28571775555610657, 1.020012378692627], [0.0, 0.0, 0.0, 1.0]], "0017": [[-0.987298309803009, 0.004908672999590635, -0.1588020622730255, -0.5669233798980713], [-0.15887793898582458, -0.030503446236252785, 0.9868268370628357, 3.5229721069335938], [0.0, 0.9995226263999939, 0.03089587390422821, 0.1102982759475708], [0.0, 0.0, 0.0, 1.0]], "0018": [[-0.9152802228927612, 0.060128264129161835, -0.39830493927001953, -1.4219489097595215], [-0.4028179347515106, -0.13662303984165192, 0.905025839805603, 3.230942726135254], [0.0, 0.9887966513633728, 0.14926907420158386, 0.5328906774520874], [0.0, 0.0, 0.0, 1.0]], "0019": [[-0.15913650393486023, -0.048214975744485855, -0.9860785603523254, -3.5203006267547607], [-0.987256646156311, 0.007771801669150591, 0.15894661843776703, 0.5674394369125366], [0.0, 0.9988066554069519, -0.048837337642908096, -0.17434930801391602], [0.0, 0.0, 0.0, 1.0]], "0020": [[-0.9081820845603943, -0.2396523654460907, 0.3431795537471771, 1.2251510620117188], [0.41857555508613586, -0.5199729800224304, 0.7445955872535706, 2.6582064628601074], [1.4901162970204496e-08, 0.8198748826980591, 0.572542667388916, 2.0439774990081787], [0.0, 0.0, 0.0, 1.0]], "0021": [[-0.07786130905151367, 0.5119783282279968, -0.855462372303009, -3.0540006160736084], [-0.9969642758369446, -0.03998468443751335, 0.0668102353811264, 0.23851251602172852], [0.0, 0.8580673336982727, 0.5135372877120972, 1.8333280086517334], [0.0, 0.0, 0.0, 1.0]], "0022": [[0.6957111954689026, -0.19904309511184692, 0.6901940107345581, 2.4639925956726074], [0.7183216214179993, 0.1927778720855713, -0.6684689521789551, -2.3864340782165527], [-1.4901161193847656e-08, 0.9608426094055176, 0.27709466218948364, 0.9892279505729675], [0.0, 0.0, 0.0, 1.0]], "0023": [[-0.7458457946777344, -0.3769472539424896, 0.5492038130760193, 1.9606575965881348], [0.6661186218261719, -0.4220637083053589, 0.6149374842643738, 2.195326805114746], [0.0, 0.8244834542274475, 0.5658860802650452, 2.0202131271362305], [0.0, 0.0, 0.0, 1.0]], "0024": [[0.9682791829109192, -0.006811280734837055, 0.2497781366109848, 0.8917078971862793], [0.24987100064754486, 0.02639450505375862, -0.9679193496704102, -3.455471992492676], [4.656612873077393e-10, 0.9996284246444702, 0.027259191498160362, 0.09731531143188477], [0.0, 0.0, 0.0, 1.0]], "0025": [[-0.9013170003890991, -0.2964409291744232, 0.3158331513404846, 1.1275243759155273], [0.43316030502319336, -0.6168322563171387, 0.6571835279464722, 2.3461453914642334], [-1.4901162970204496e-08, 0.7291370034217834, 0.6843677163124084, 2.443192958831787], [0.0, 0.0, 0.0, 1.0]], "0026": [[0.9561076760292053, -0.04745480418205261, 0.2891474962234497, 1.0322564840316772], [0.2930157482624054, 0.15484458208084106, -0.9434855580329895, -3.3682432174682617], [0.0, 0.9867984652519226, 0.16195309162139893, 0.578172504901886], [0.0, 0.0, 0.0, 1.0]], "0027": [[0.6604270935058594, 0.12959042191505432, -0.7396230697631836, -2.6404545307159424], [-0.7508901953697205, 0.11397809535264969, -0.650517463684082, -2.322347402572632], [0.0, 0.9849950075149536, 0.17258241772651672, 0.6161192655563354], [0.0, 0.0, 0.0, 1.0]], "0028": [[0.9559352993965149, 0.05665586516261101, -0.28805890679359436, -1.0283702611923218], [-0.293577641248703, 0.1844804584980011, -0.937965452671051, -3.348536491394043], [-3.725290298461914e-09, 0.9812018871307373, 0.19298428297042847, 0.6889538764953613], [0.0, 0.0, 0.0, 1.0]], "0029": [[-0.7474901676177979, 0.030495284125208855, 0.6635724902153015, 2.3689539432525635], [0.6642729043960571, 0.03431560471653938, 0.7467020153999329, 2.66572642326355], [0.0, 0.9989456534385681, -0.04590776935219765, -0.1638907492160797], [0.0, 0.0, 0.0, 1.0]], "0030": [[0.04069763049483299, 0.17684310674667358, -0.983397364616394, -3.510728359222412], [-0.9991714954376221, 0.007203062996268272, -0.04005512595176697, -0.14299678802490234], [4.6566123179658803e-10, 0.9842127561569214, 0.17698976397514343, 0.6318534016609192], [0.0, 0.0, 0.0, 1.0]], "0031": [[0.9971669912338257, 0.012536116875708103, -0.07416775077581406, -0.26477885246276855], [-0.07521973550319672, 0.16618779301643372, -0.9832211136817932, -3.510099172592163], [0.0, 0.9860144853591919, 0.16665993630886078, 0.5949759483337402], [0.0, 0.0, 0.0, 1.0]], "0032": [[-0.8456208109855652, -0.04143824428319931, 0.532173216342926, 1.8998584747314453], [0.5337841510772705, -0.0656464695930481, 0.8430688381195068, 3.009755849838257], [0.0, 0.9969821572303772, 0.07763108611106873, 0.2771430015563965], [0.0, 0.0, 0.0, 1.0]], "0033": [[0.6144519448280334, -0.4480551779270172, 0.6493808031082153, 2.318289279937744], [0.7889542579650879, 0.3489535450935364, -0.5057495832443237, -1.8055260181427002], [-1.4901161193847656e-08, 0.8230904936790466, 0.5679101943969727, 2.0274393558502197], [0.0, 0.0, 0.0, 1.0]], "0034": [[0.6025837063789368, -0.47685763239860535, 0.6399216651916504, 2.284520149230957], [0.7980557680130005, 0.36005836725234985, -0.48318225145339966, -1.7249605655670166], [0.0, 0.8018507957458496, 0.5975243449211121, 2.133161783218384], [0.0, 0.0, 0.0, 1.0]], "0035": [[0.6926071047782898, 0.07691265642642975, -0.7172027826309204, -2.5604138374328613], [-0.7213150262832642, 0.073851577937603, -0.6886585354804993, -2.4585108757019043], [0.0, 0.9942989349365234, 0.10662838071584702, 0.38066330552101135], [0.0, 0.0, 0.0, 1.0]], "0036": [[0.5394635796546936, 0.11838147789239883, -0.8336455225944519, -2.976114273071289], [-0.8420089483261108, 0.0758453980088234, -0.5341053009033203, -1.906755805015564], [0.0, 0.9900673031806946, 0.14059410989284515, 0.5019209384918213], [0.0, 0.0, 0.0, 1.0]], "0037": [[0.6019657850265503, 0.12983128428459167, -0.7878965735435486, -2.812790632247925], [-0.798521876335144, 0.09787331521511078, -0.5939558744430542, -2.12042236328125], [0.0, 0.986693799495697, 0.16258949041366577, 0.5804444551467896], [0.0, 0.0, 0.0, 1.0]], "0038": [[0.9967659115791321, 0.05118434131145477, -0.06195056810975075, -0.22116351127624512], [-0.08035986870527267, 0.6348791122436523, -0.7684209942817688, -2.743262767791748], [0.0, 0.7709142565727234, 0.6369390487670898, 2.2738723754882812], [0.0, 0.0, 0.0, 1.0]], "0039": [[0.15895205736160278, 0.5777612328529358, -0.8005787134170532, -2.8580658435821533], [-0.9872863292694092, 0.09301895648241043, -0.12889233231544495, -0.46014559268951416], [7.450580596923828e-09, 0.8108879923820496, 0.5852013826370239, 2.0891687870025635], [0.0, 0.0, 0.0, 1.0]], "0040": [[0.37488311529159546, -0.24594064056873322, 0.893854558467865, 3.1910605430603027], [0.9270721077919006, 0.09945180267095566, -0.36145082116127014, -1.2903794050216675], [0.0, 0.9641693234443665, 0.26528751850128174, 0.9470763802528381], [0.0, 0.0, 0.0, 1.0]], "0041": [[0.41896989941596985, 0.3143860995769501, -0.8518365621566772, -3.0410566329956055], [-0.908000111579895, 0.14506420493125916, -0.39305490255355835, -1.4032061100006104], [-7.450580596923828e-09, 0.9381459355354309, 0.3462401330471039, 1.2360773086547852], [0.0, 0.0, 0.0, 1.0]], "0042": [[0.25429651141166687, 0.46223798394203186, -0.8495112657546997, -3.032755136489868], [-0.9671263694763184, 0.12154098600149155, -0.2233707308769226, -0.7974334955215454], [0.0, 0.8783870339393616, 0.47794994711875916, 1.7062811851501465], [0.0, 0.0, 0.0, 1.0]], "0043": [[-0.5084266662597656, -0.047792233526706696, 0.8597779870033264, 3.0694077014923096], [0.8611053824424744, -0.028218204155564308, 0.5076429843902588, 1.8122856616973877], [-1.862645371275562e-09, 0.9984586238861084, 0.05550102889537811, 0.19813868403434753], [0.0, 0.0, 0.0, 1.0]], "0044": [[-0.9867111444473267, -0.07928325235843658, 0.14182841777801514, 0.5063274502754211], [0.16248425841331482, -0.48146000504493713, 0.861275315284729, 3.0747528076171875], [7.450580596923828e-09, 0.8728747963905334, 0.48794427514076233, 1.7419610023498535], [0.0, 0.0, 0.0, 1.0]], "0045": [[-0.6088178753852844, -0.3490958511829376, 0.7123713493347168, 2.543165683746338], [0.7933100461959839, -0.2679101228713989, 0.5467022657394409, 1.9517269134521484], [0.0, 0.8979734182357788, 0.4400497376918793, 1.5709774494171143], [0.0, 0.0, 0.0, 1.0]], "0046": [[-0.9889207482337952, 0.007648111321032047, 0.14824774861335754, 0.5292444229125977], [0.14844490587711334, 0.050950728356838226, 0.9876073598861694, 3.5257580280303955], [4.656612873077393e-10, 0.9986718893051147, -0.051521554589271545, -0.18393194675445557], [0.0, 0.0, 0.0, 1.0]], "0047": [[0.7072334289550781, 0.43222567439079285, -0.5594657063484192, -1.9972925186157227], [-0.7069801092147827, 0.4323805570602417, -0.5596661567687988, -1.9980080127716064], [1.4901161193847656e-08, 0.7913457155227661, 0.6113689541816711, 2.182587146759033], [0.0, 0.0, 0.0, 1.0]], "0048": [[-0.26692405343055725, 0.3763076364994049, -0.8872115015983582, -3.167344808578491], [-0.9637175798416138, -0.10422717034816742, 0.24573390185832977, 0.877269983291626], [0.0, 0.9206135869026184, 0.3904750347137451, 1.393995761871338], [0.0, 0.0, 0.0, 1.0]], "0049": [[0.9983899593353271, -0.03456926345825195, 0.04497355967760086, 0.16055560111999512], [0.05672437697649002, 0.6084439754486084, -0.7915670275688171, -2.8258941173553467], [-1.862645149230957e-09, 0.7928435206413269, 0.6094252467155457, 2.1756479740142822], [0.0, 0.0, 0.0, 1.0]], "0050": [[-0.9077900052070618, -0.19015438854694366, 0.373843252658844, 1.3346203565597534], [0.41942518949508667, -0.41156384348869324, 0.8091339468955994, 2.888607978820801], [-1.4901162970204496e-08, 0.8913228511810303, 0.45336905121803284, 1.6185274124145508], [0.0, 0.0, 0.0, 1.0]], "0051": [[0.03234395757317543, -0.6127488613128662, 0.7896155118942261, 2.818927526473999], [0.9994767904281616, 0.019829099997878075, -0.0255526602268219, -0.09122300148010254], [-1.862645149230957e-09, 0.7900288701057434, 0.6130696535110474, 2.1886587142944336], [0.0, 0.0, 0.0, 1.0]], "0052": [[-0.3627885580062866, -0.5612921714782715, 0.7438651919364929, 2.6555988788604736], [0.9318715333938599, -0.21851767599582672, 0.28959551453590393, 1.0338560342788696], [0.0, 0.7982487082481384, 0.6023278832435608, 2.150310754776001], [0.0, 0.0, 0.0, 1.0]], "0053": [[-0.059021446853876114, -0.6487651467323303, 0.758696436882019, 2.7085461616516113], [0.9982567429542542, -0.038357924669981, 0.044857557862997055, 0.1601414680480957], [0.0, 0.7600213289260864, 0.6498981714248657, 2.320136308670044], [0.0, 0.0, 0.0, 1.0]], "0054": [[-0.9315227270126343, -0.10787643492221832, 0.3473154902458191, 1.239916205406189], [0.3636830747127533, -0.2763102054595947, 0.8895995020866394, 3.175870180130005], [-7.450580596923828e-09, 0.9549949169158936, 0.296622097492218, 1.0589408874511719], [0.0, 0.0, 0.0, 1.0]], "0055": [[-0.7371534109115601, 0.0685332715511322, -0.6722410321235657, -2.3999006748199463], [-0.6757254004478455, -0.07476340234279633, 0.7333522439002991, 2.618067741394043], [0.0, 0.9948434829711914, 0.1014217659831047, 0.36207571625709534], [0.0, 0.0, 0.0, 1.0]], "0056": [[0.13801687955856323, 0.0006583886570297182, -0.990429699420929, -3.5358338356018066], [-0.9904299378395081, 9.174676961265504e-05, -0.13801684975624084, -0.4927201271057129], [0.0, 0.9999998211860657, 0.0006647504051215947, 0.0023731589317321777], [0.0, 0.0, 0.0, 1.0]], "0057": [[0.9495621919631958, -0.07296555489301682, 0.3049718737602234, 1.0887495279312134], [0.3135790526866913, 0.22095011174678802, -0.9234983921051025, -3.296889066696167], [0.0, 0.9725517630577087, 0.2326863557100296, 0.8306902647018433], [0.0, 0.0, 0.0, 1.0]], "0058": [[0.39224153757095337, -0.0043936786241829395, -0.9198517203330994, -3.2838709354400635], [-0.9198623299598694, -0.001873522880487144, -0.39223700761795044, -1.4002861976623535], [1.1641533570472262e-10, 0.9999886155128479, -0.004776452202349901, -0.01705193519592285], [0.0, 0.0, 0.0, 1.0]], "0059": [[0.7263269424438477, -0.058063264936208725, 0.6848925948143005, 2.445066452026367], [0.6873494386672974, 0.06135585531592369, -0.7237308025360107, -2.583718776702881], [0.0, 0.9964256882667542, 0.08447416126728058, 0.3015727400779724], [0.0, 0.0, 0.0, 1.0]], "0060": [[-0.9957786798477173, -0.06262578070163727, 0.06710374355316162, 0.23956036567687988], [0.09178725630044937, -0.6794126033782959, 0.7279929518699646, 2.5989346504211426], [3.725290298461914e-09, 0.7310790419578552, 0.6822927594184875, 2.4357850551605225], [0.0, 0.0, 0.0, 1.0]], "0061": [[0.5739142298698425, 0.5231335759162903, -0.6300426721572876, -2.2492523193359375], [-0.8189154863357544, 0.3666236698627472, -0.4415479898452759, -1.5763262510299683], [-1.4901161193847656e-08, 0.7693623900413513, 0.6388126015663147, 2.2805609703063965], [0.0, 0.0, 0.0, 1.0]], "0062": [[0.39674222469329834, 0.3222576081752777, -0.8595031499862671, -3.0684261322021484], [-0.9179301261901855, 0.13928422331809998, -0.3714892566204071, -1.3262165784835815], [-7.450580596923828e-09, 0.9363492727279663, 0.35106992721557617, 1.2533196210861206], [0.0, 0.0, 0.0, 1.0]], "0063": [[0.22900861501693726, -0.23099464178085327, 0.9456195831298828, 3.3758621215820312], [0.9734244346618652, 0.05434398725628853, -0.22246722877025604, -0.7942080497741699], [0.0, 0.9714361429214478, 0.2373010367155075, 0.8471647500991821], [0.0, 0.0, 0.0, 1.0]], "0064": [[0.6861392855644226, -0.32770660519599915, 0.6494777798652649, 2.3186354637145996], [0.7274702787399292, 0.3090880513191223, -0.6125779151916504, -2.1869029998779297], [1.4901159417490817e-08, 0.8927895426750183, 0.45047423243522644, 1.6081929206848145], [0.0, 0.0, 0.0, 1.0]], "0065": [[-0.5840380787849426, 0.2741931676864624, -0.7640140652656555, -2.7275304794311523], [-0.8117262721061707, -0.1972823590040207, 0.549709141254425, 1.9624618291854858], [0.0, 0.9412213563919067, 0.33779022097587585, 1.2059111595153809], [0.0, 0.0, 0.0, 1.0]], "0066": [[0.8186674118041992, 0.34903186559677124, -0.4560268819332123, -1.6280158758163452], [-0.5742680430412292, 0.4975742995738983, -0.6501047015190125, -2.320873737335205], [0.0, 0.7941011190414429, 0.607785701751709, 2.169794797897339], [0.0, 0.0, 0.0, 1.0]], "0067": [[-0.22551771998405457, -0.5475655794143677, 0.8058000206947327, 2.8767058849334717], [0.9742391109466553, -0.12675094604492188, 0.186527281999588, 0.6659023761749268], [-7.450581485102248e-09, 0.8271070122718811, 0.5620443820953369, 2.006498336791992], [0.0, 0.0, 0.0, 1.0]], "0068": [[0.9583916068077087, 0.1653837263584137, -0.23266668617725372, -0.8306200504302979], [-0.28545674681663513, 0.5552588105201721, -0.7811543941497803, -2.7887210845947266], [0.0, 0.8150680065155029, 0.5793652534484863, 2.068333864212036], [0.0, 0.0, 0.0, 1.0]], "0069": [[0.941390872001648, -0.167113795876503, 0.2930123209953308, 1.0460538864135742], [0.33731773495674133, 0.4663834273815155, -0.8177427649497986, -2.919341564178467], [0.0, 0.8686538934707642, 0.49541953206062317, 1.7686476707458496], [0.0, 0.0, 0.0, 1.0]], "0070": [[0.9917284846305847, 0.057300880551338196, -0.11485294997692108, -0.4100250005722046], [-0.12835338711738586, 0.44273796677589417, -0.8874167799949646, -3.1680777072906494], [0.0, 0.8948181867599487, 0.44643068313598633, 1.5937575101852417], [0.0, 0.0, 0.0, 1.0]], "0071": [[0.29967811703681946, 0.1076233983039856, -0.947950541973114, -3.384183645248413], [-0.9540404677391052, 0.03380608931183815, -0.29776519536972046, -1.0630217790603638], [0.0, 0.9936167597770691, 0.11280801147222519, 0.40272462368011475], [0.0, 0.0, 0.0, 1.0]], "0072": [[0.3006656765937805, 0.10068542510271072, -0.9484000205993652, -3.3857882022857666], [-0.9537296891212463, 0.03174133226275444, -0.29898548126220703, -1.067378282546997], [0.0, 0.994411826133728, 0.10557018965482712, 0.3768855929374695], [0.0, 0.0, 0.0, 1.0]], "0073": [[0.9687418937683105, -0.09234361350536346, 0.2302430123090744, 0.821967601776123], [0.24807094037532806, 0.36061105132102966, -0.8991220593452454, -3.2098660469055176], [7.450580596923828e-09, 0.9281338453292847, 0.37224677205085754, 1.3289210796356201], [0.0, 0.0, 0.0, 1.0]], "0074": [[-0.8510439991950989, -0.35888606309890747, 0.3833080530166626, 1.3684098720550537], [0.5250945687294006, -0.5816624760627747, 0.6212443113327026, 2.2178423404693604], [-1.4901162970204496e-08, 0.7299791574478149, 0.6834693551063538, 2.439985752105713], [0.0, 0.0, 0.0, 1.0]], "0075": [[-0.5283353328704834, 0.3474016487598419, -0.7747088670730591, -2.7657105922698975], [-0.8490357995033264, -0.2161800116300583, 0.48208341002464294, 1.721037745475769], [0.0, 0.9124572277069092, 0.4091719388961792, 1.46074378490448], [0.0, 0.0, 0.0, 1.0]], "0076": [[0.38336649537086487, 0.4364507794380188, -0.8139661550521851, -2.9058589935302734], [-0.9235963821411133, 0.1811620444059372, -0.33786118030548096, -1.2061643600463867], [0.0, 0.8813008069992065, 0.47255581617355347, 1.6870242357254028], [0.0, 0.0, 0.0, 1.0]], "0077": [[-0.018611857667565346, -0.05680863559246063, -0.9982116222381592, -3.563615322113037], [-0.9998267889022827, 0.0010574974585324526, 0.01858179084956646, 0.066336989402771], [1.1641533570472262e-10, 0.998384416103363, -0.056818488985300064, -0.20284199714660645], [0.0, 0.0, 0.0, 1.0]], "0078": [[0.06754831969738007, -0.5543404221534729, 0.8295444250106812, 2.9614734649658203], [0.9977160692214966, 0.037530481815338135, -0.056162603199481964, -0.20050048828125], [-1.862645149230957e-09, 0.8314434885978699, 0.555609405040741, 1.9835255146026611], [0.0, 0.0, 0.0, 1.0]], "0079": [[0.9078934788703918, -0.25753307342529297, 0.33076611161231995, 1.1808350086212158], [0.4192010164260864, 0.5577577352523804, -0.7163636684417725, -2.55741810798645], [-1.4901161193847656e-08, 0.7890393137931824, 0.6143427491188049, 2.1932034492492676], [0.0, 0.0, 0.0, 1.0]], "0080": [[-0.7287164926528931, 0.3364478647708893, -0.5964688658714294, -2.129394054412842], [-0.6848154664039612, -0.3580162823200226, 0.6347062587738037, 2.265901565551758], [0.0, 0.8709920644760132, 0.49129703640937805, 1.7539305686950684], [0.0, 0.0, 0.0, 1.0]], "0081": [[0.9992225170135498, 0.0004953894531354308, -0.0394231453537941, -0.14074063301086426], [-0.03942625969648361, 0.012555191293358803, -0.9991435408592224, -3.5669426918029785], [-5.820766091346741e-11, 0.9999211430549622, 0.01256495900452137, 0.044856905937194824], [0.0, 0.0, 0.0, 1.0]], "0082": [[0.21884696185588837, -0.03959687799215317, 0.9749554395675659, 3.4805908203125], [0.9757592678070068, 0.008880936540663242, -0.218666672706604, -0.7806400060653687], [0.0, 0.9991763234138489, 0.04058058187365532, 0.14487266540527344], [0.0, 0.0, 0.0, 1.0]], "0083": [[0.6146595478057861, 0.349224716424942, -0.7072734832763672, -2.524966239929199], [-0.7887925505638123, 0.27213025093078613, -0.5511365532875061, -1.967557430267334], [0.0, 0.8966533541679382, 0.4427333474159241, 1.580557942390442], [0.0, 0.0, 0.0, 1.0]], "0084": [[0.7085840702056885, 0.4398917853832245, -0.5517280101776123, -1.9696688652038574], [-0.705626368522644, 0.4417356550693512, -0.5540406107902527, -1.9779249429702759], [2.9802322387695312e-08, 0.7818982005119324, 0.623406171798706, 2.225559949874878], [0.0, 0.0, 0.0, 1.0]], "0085": [[-0.3842834234237671, -0.31753426790237427, 0.866890013217926, 3.094797134399414], [0.9232152700424194, -0.13217194378376007, 0.3608383238315582, 1.2881927490234375], [7.450581485102248e-09, 0.9389901161193848, 0.3439439535140991, 1.2278798818588257], [0.0, 0.0, 0.0, 1.0]], "0086": [[0.10984352231025696, -0.2415332794189453, 0.9641556143760681, 3.442035675048828], [0.9939489364624023, 0.026692382991313934, -0.10655099153518677, -0.3803870677947998], [0.0, 0.9700253009796143, 0.2430037409067154, 0.8675234317779541], [0.0, 0.0, 0.0, 1.0]], "0087": [[-0.9822173118591309, 0.0065945107489824295, -0.18763196468353271, -0.6698460578918457], [-0.18774783611297607, -0.03449969366192818, 0.9816111922264099, 3.504351854324341], [4.656613428188905e-10, 0.9993829131126404, 0.03512430191040039, 0.12539374828338623], [0.0, 0.0, 0.0, 1.0]], "0088": [[-0.9998572468757629, -0.010034606792032719, 0.01359468512237072, 0.04853302985429764], [0.016897005960345268, -0.5937841534614563, 0.8044469356536865, 2.871875762939453], [0.0, 0.8045617938041687, 0.5938689112663269, 2.120112180709839], [0.0, 0.0, 0.0, 1.0]], "0089": [[-0.9572652578353882, 0.17333616316318512, -0.23151220381259918, -0.8264985084533691], [-0.28921157121658325, -0.5737277269363403, 0.7662853598594666, 2.7356386184692383], [-1.4901161193847656e-08, 0.8004943132400513, 0.5993403792381287, 2.1396450996398926], [0.0, 0.0, 0.0, 1.0]], "0090": [[-0.9229435324668884, 0.04998382553458214, -0.38167649507522583, -1.3625850677490234], [-0.38493549823760986, -0.11984409391880035, 0.915129542350769, 3.267012357711792], [0.0, 0.9915336966514587, 0.1298498809337616, 0.46356403827667236], [0.0, 0.0, 0.0, 1.0]], "0091": [[-0.6629800796508789, -0.11586650460958481, 0.7396163940429688, 2.640430450439453], [0.7486370801925659, -0.10260937362909317, 0.6549915075302124, 2.3383195400238037], [0.0, 0.9879505634307861, 0.1547699272632599, 0.5525286197662354], [0.0, 0.0, 0.0, 1.0]], "0092": [[0.17168255150318146, 0.04603433981537819, -0.984076201915741, -3.5131518840789795], [-0.9851523041725159, 0.008022407069802284, -0.17149502038955688, -0.6122372150421143], [-9.313224635931761e-10, 0.998907744884491, 0.046728141605854034, 0.16681945323944092], [0.0, 0.0, 0.0, 1.0]], "0093": [[-0.8794888854026794, -0.28698110580444336, 0.37965935468673706, 1.3553838729858398], [0.4759195148944855, -0.5303348302841187, 0.7016022205352783, 2.5047197341918945], [0.0, 0.7977385520935059, 0.6030035018920898, 2.1527223587036133], [0.0, 0.0, 0.0, 1.0]], "0094": [[-0.4263145923614502, -0.48215967416763306, 0.7653612494468689, 2.732339859008789], [0.904574990272522, -0.22723565995693207, 0.3607049286365509, 1.2877166271209717], [0.0, 0.8461004495620728, 0.5330234169960022, 1.9028937816619873], [0.0, 0.0, 0.0, 1.0]], "0095": [[0.8822479844093323, 0.05687062069773674, -0.46733739972114563, -1.6683945655822754], [-0.4707850217819214, 0.10657516121864319, -0.8757871389389038, -3.1265602111816406], [0.0, 0.9926769733428955, 0.12079954147338867, 0.43125438690185547], [0.0, 0.0, 0.0, 1.0]], "0096": [[0.9776155948638916, 0.09622564166784286, -0.18710529804229736, -0.6679658889770508], [-0.2103990763425827, 0.44711077213287354, -0.8693815469741821, -3.103692054748535], [0.0, 0.8892877101898193, 0.4573482275009155, 1.6327331066131592], [0.0, 0.0, 0.0, 1.0]], "0097": [[0.4281212389469147, -0.61295485496521, 0.6640772223472595, 2.370755672454834], [0.9037213325500488, 0.2903760075569153, -0.3145942687988281, -1.1231014728546143], [-1.4901161193847656e-08, 0.7348251938819885, 0.6782565712928772, 2.4213757514953613], [0.0, 0.0, 0.0, 1.0]], "0098": [[0.7919657230377197, -0.15223951637744904, 0.5912812352180481, 2.1108739376068115], [0.6105656623840332, 0.19747011363506317, -0.766951858997345, -2.738018035888672], [7.450580596923828e-09, 0.9684156179428101, 0.24934174120426178, 0.8901499509811401], [0.0, 0.0, 0.0, 1.0]], "0099": [[0.8038533329963684, 0.3769044578075409, -0.46017712354660034, -1.6428322792053223], [-0.5948276519775391, 0.5093507170677185, -0.6218858957290649, -2.22013258934021], [-1.4901161193847656e-08, 0.7736310362815857, 0.6336363554000854, 2.2620816230773926], [0.0, 0.0, 0.0, 1.0]]}