{"K": [[1111.111111111111, 0, 400.0], [0.0, 1111.111111111111, 400.0], [0.0, 0.0, 1.0]], "0000": [[-0.15494349598884583, -0.3478330075740814, 0.9246646165847778, 3.282559633255005], [0.9879233241081238, -0.054553281515836716, 0.14502215385437012, 0.5148286819458008], [-3.725290298461914e-09, 0.9359680414199829, 0.3520849943161011, 1.2499017715454102], [0.0, 0.0, 0.0, 1.0]], "0001": [[0.30681949853897095, -0.2382780760526657, 0.9214583039283752, 3.271176815032959], [0.9517676830291748, 0.076813243329525, -0.29704874753952026, -1.05452299118042], [0.0, 0.9681546092033386, 0.2503531575202942, 0.8887537121772766], [0.0, 0.0, 0.0, 1.0]], "0002": [[-0.4606034755706787, 0.12476884573698044, -0.8787930607795715, -3.1197152137756348], [-0.8876060247421265, -0.06474602967500687, 0.4560301899909973, 1.61890709400177], [-3.725290298461914e-09, 0.9900709986686707, 0.1405678391456604, 0.49901580810546875], [0.0, 0.0, 0.0, 1.0]], "0003": [[-0.7841222882270813, -0.42777523398399353, 0.44962266087532043, 1.5961604118347168], [0.6206063032150269, -0.5404844880104065, 0.5680882334709167, 2.0167131423950195], [-1.4901161193847656e-08, 0.7244893312454224, 0.6892860531806946, 2.446965456008911], [0.0, 0.0, 0.0, 1.0]], "0004": [[-0.9581413865089417, 0.043719060719013214, -0.2829378843307495, -1.0044294595718384], [-0.28629568219184875, -0.14631390571594238, 0.9469038844108582, 3.36150860786438], [0.0, 0.9882716536521912, 0.15270596742630005, 0.5421061515808105], [0.0, 0.0, 0.0, 1.0]], "0005": [[-0.4211619794368744, 0.4378252327442169, -0.794312059879303, -2.819807767868042], [-0.9069854617118835, -0.20330573618412018, 0.36884167790412903, 1.3093879222869873], [-1.4901161193847656e-08, 0.8757715821266174, 0.4827257990837097, 1.7136765718460083], [0.0, 0.0, 0.0, 1.0]], "0006": [[0.2746354043483734, -0.6242358684539795, 0.7313719987869263, 2.5963704586029053], [0.9615485072135925, 0.1782929003238678, -0.20889289677143097, -0.7415697574615479], [0.0, 0.7606189846992493, 0.649198591709137, 2.304654836654663], [0.0, 0.0, 0.0, 1.0]], "0007": [[0.34171733260154724, 0.0656222477555275, -0.9375088810920715, -3.3281567096710205], [-0.9398027658462524, 0.02386060357093811, -0.3408832848072052, -1.2101356983184814], [0.0, 0.9975592494010925, 0.06982554495334625, 0.2478806972503662], [0.0, 0.0, 0.0, 1.0]], "0008": [[-0.4009898006916046, -0.2965811789035797, 0.8667449951171875, 3.076944589614868], [0.9160826206207275, -0.12982019782066345, 0.379393607378006, 1.3468472957611084], [7.450581485102248e-09, 0.9461427927017212, 0.3237493932247162, 1.1493103504180908], [0.0, 0.0, 0.0, 1.0]], "0009": [[-0.04984042048454285, 0.5302122831344604, -0.8463988304138184, -3.00471568107605], [-0.9987572431564331, -0.02645888552069664, 0.04223736375570297, 0.14994263648986816], [0.0, 0.8474519848823547, 0.5308720469474792, 1.8845956325531006], [0.0, 0.0, 0.0, 1.0]], "0010": [[-0.47362905740737915, -0.08386363089084625, 0.876722514629364, 3.112365245819092], [0.8807244896888733, -0.045099519193172455, 0.4714769124984741, 1.6737431287765503], [0.0, 0.9954560995101929, 0.09522118419408798, 0.3380352258682251], [0.0, 0.0, 0.0, 1.0]], "0011": [[0.9699883460998535, 0.09270841628313065, -0.22478413581848145, -0.7979836463928223], [-0.2431517243385315, 0.3698352575302124, -0.8967157602310181, -3.1833407878875732], [0.0, 0.9244604110717773, 0.3812781274318695, 1.3535373210906982], [0.0, 0.0, 0.0, 1.0]], "0012": [[-0.09888078272342682, -0.464478999376297, 0.880046546459198, 3.1241650581359863], [0.9950993657112122, -0.04615423455834389, 0.08744824677705765, 0.310441255569458], [0.0, 0.8843806385993958, 0.46676650643348694, 1.6570210456848145], [0.0, 0.0, 0.0, 1.0]], "0013": [[0.0889468565583229, -0.674167811870575, 0.7332026958465576, 2.6028695106506348], [0.9960364103317261, 0.06020372733473778, -0.06547559052705765, -0.232438325881958], [0.0, 0.736120343208313, 0.6768506169319153, 2.4028196334838867], [0.0, 0.0, 0.0, 1.0]], "0014": [[0.9164121747016907, 0.18778099119663239, -0.35345035791397095, -1.2547487020492554], [-0.400236040353775, 0.4299582540988922, -0.809287965297699, -2.872972249984741], [0.0, 0.8831048011779785, 0.46917569637298584, 1.6655737161636353], [0.0, 0.0, 0.0, 1.0]], "0015": [[0.9618017077445984, 0.14652560651302338, -0.23123110830783844, -0.8208703994750977], [-0.2737472653388977, 0.514812707901001, -0.8124225735664368, -2.8840999603271484], [0.0, 0.8446881175041199, 0.5352587103843689, 1.9001682996749878], [0.0, 0.0, 0.0, 1.0]], "0016": [[-0.9629279375076294, -0.02804417535662651, 0.2682969868183136, 0.9524543285369873], [0.2697586715221405, -0.10010620206594467, 0.9577102661132812, 3.399871587753296], [-1.862645149230957e-09, 0.9945814609527588, 0.10396022349596024, 0.3690588176250458], [0.0, 0.0, 0.0, 1.0]], "0017": [[-0.7058086395263672, -0.4349604547023773, 0.559145450592041, 1.9849662780761719], [0.7084026336669922, -0.4333677589893341, 0.5570980310440063, 1.9776978492736816], [-1.4901161193847656e-08, 0.7893046736717224, 0.6140018105506897, 2.179706335067749], [0.0, 0.0, 0.0, 1.0]], "0018": [[0.9666781425476074, -0.05894311144948006, 0.24911679327487946, 0.8843646049499512], [0.2559950649738312, 0.22257857024669647, -0.9407047033309937, -3.3395016193389893], [3.725290742551124e-09, 0.9731312394142151, 0.2302509844303131, 0.8173909783363342], [0.0, 0.0, 0.0, 1.0]], "0019": [[0.26208922266960144, -0.43984004855155945, 0.8589819669723511, 3.0493857860565186], [0.9650436043739319, 0.11945299804210663, -0.23328472673892975, -0.8281607627868652], [-7.4505797087454084e-09, 0.8900964856147766, 0.45577216148376465, 1.6179910898208618], [0.0, 0.0, 0.0, 1.0]], "0020": [[0.9920440316200256, 0.01978369615972042, -0.12432750314474106, -0.4413626194000244], [-0.12589171528816223, 0.15589825809001923, -0.9797178506851196, -3.4779982566833496], [1.862645149230957e-09, 0.9875749945640564, 0.157148540019989, 0.5578773021697998], [0.0, 0.0, 0.0, 1.0]], "0021": [[0.9011311531066895, 0.05650945380330086, -0.42984822392463684, -1.52596116065979], [-0.433546781539917, 0.11745543777942657, -0.8934436440467834, -3.171724796295166], [-3.725290298461914e-09, 0.9914690852165222, 0.13034223020076752, 0.46271491050720215], [0.0, 0.0, 0.0, 1.0]], "0022": [[-0.6456366777420044, 0.19325239956378937, -0.7387874126434326, -2.622695207595825], [-0.763644814491272, -0.16338858008384705, 0.6246205568313599, 2.217402935028076], [-7.450580596923828e-09, 0.9674491286277771, 0.253065824508667, 0.898383617401123], [0.0, 0.0, 0.0, 1.0]], "0023": [[-0.18025708198547363, -0.4164299964904785, 0.8911192417144775, 3.163473129272461], [0.9836195707321167, -0.0763145163655281, 0.16330556571483612, 0.579734742641449], [-7.450580596923828e-09, 0.9059592485427856, 0.42336493730545044, 1.5029454231262207], [0.0, 0.0, 0.0, 1.0]], "0024": [[-0.8207880854606628, 0.19996459782123566, -0.5350897908210754, -1.899568796157837], [-0.571232795715332, -0.2873234152793884, 0.7688552141189575, 2.729435920715332], [-1.4901161193847656e-08, 0.9367280006408691, 0.350057989358902, 1.2427058219909668], [0.0, 0.0, 0.0, 1.0]], "0025": [[-0.7713095545768738, -0.36046409606933594, 0.5245448350906372, 1.8621340990066528], [0.6364602446556091, -0.4368370473384857, 0.6356821656227112, 2.256671667098999], [2.9802322387695312e-08, 0.824159562587738, 0.5663576722145081, 2.0105695724487305], [0.0, 0.0, 0.0, 1.0]], "0026": [[-0.14639684557914734, -0.2634665071964264, 0.9534953832626343, 3.384908437728882], [0.9892259836196899, -0.038990750908851624, 0.14110901951789856, 0.5009369850158691], [0.0, 0.9638802409172058, 0.26633602380752563, 0.9454928636550903], [0.0, 0.0, 0.0, 1.0]], "0027": [[-0.7616729736328125, -0.39842501282691956, 0.510991096496582, 1.8140184879302979], [0.6479617953300476, -0.4683448374271393, 0.6006652116775513, 2.132361650466919], [0.0, 0.7886130809783936, 0.6148897409439087, 2.18285870552063], [0.0, 0.0, 0.0, 1.0]], "0028": [[0.09433973580598831, -0.10914123058319092, 0.9895394444465637, 3.512864828109741], [0.9955400228500366, 0.010342482477426529, -0.09377110749483109, -0.3328874111175537], [0.0, 0.9939724802970886, 0.10963017493486404, 0.3891870975494385], [0.0, 0.0, 0.0, 1.0]], "0029": [[0.38708117604255676, 0.0358676053583622, -0.9213477969169617, -3.270784854888916], [-0.9220457077026367, 0.015057469718158245, -0.38678818941116333, -1.3730981349945068], [0.0, 0.9992431402206421, 0.03890003636479378, 0.13809514045715332], [0.0, 0.0, 0.0, 1.0]], "0030": [[0.658267080783844, 0.18105249106884003, -0.73068767786026, -2.5939412117004395], [-0.7527844309806824, 0.15832006931304932, -0.638944685459137, -2.2682535648345947], [0.0, 0.9706466197967529, 0.24051038920879364, 0.8538118600845337], [0.0, 0.0, 0.0, 1.0]], "0031": [[0.20920108258724213, -0.4493114948272705, 0.868535578250885, 3.083301544189453], [0.9778726696968079, 0.09612340480089188, -0.18581005930900574, -0.659625768661499], [0.0, 0.8881889581680298, 0.459478497505188, 1.6311488151550293], [0.0, 0.0, 0.0, 1.0]], "0032": [[0.881757378578186, -0.20002610981464386, 0.4271925389766693, 1.516533613204956], [0.4717032015323639, 0.3739098906517029, -0.7985533475875854, -2.834864616394043], [0.0, 0.9056384563446045, 0.4240507185459137, 1.5053801536560059], [0.0, 0.0, 0.0, 1.0]], "0033": [[-0.8594492673873901, -0.09816749393939972, 0.5017073154449463, 1.7810609340667725], [0.5112212300300598, -0.165036141872406, 0.8434547781944275, 2.9942643642425537], [-7.450581485102248e-09, 0.9813899397850037, 0.19202548265457153, 0.6816904544830322], [0.0, 0.0, 0.0, 1.0]], "0034": [[0.8263309001922607, 0.0354909747838974, -0.5620654821395874, -1.9953324794769287], [-0.563184916973114, 0.05207400023937225, -0.8246884942054749, -2.9276440143585205], [0.0, 0.998012363910675, 0.0630183294415474, 0.22371506690979004], [0.0, 0.0, 0.0, 1.0]], "0035": [[0.18895791471004486, 0.15276412665843964, -0.9700299501419067, -3.44360613822937], [-0.9819852113723755, 0.02939554862678051, -0.18665744364261627, -0.6626338958740234], [0.0, 0.9878254532814026, 0.15556663274765015, 0.5522615313529968], [0.0, 0.0, 0.0, 1.0]], "0036": [[-0.8138759136199951, -0.31630799174308777, 0.4873964786529541, 1.7302573919296265], [0.5810388326644897, -0.4430606961250305, 0.682708740234375, 2.4236159324645996], [0.0, 0.8388364315032959, 0.5443835854530334, 1.9325617551803589], [0.0, 0.0, 0.0, 1.0]], "0037": [[0.6451712846755981, 0.46501675248146057, -0.6062288880348206, -2.1521124839782715], [-0.7640379667282104, 0.3926708698272705, -0.5119136571884155, -1.8172935247421265], [0.0, 0.7934538722038269, 0.6086304187774658, 2.160637855529785], [0.0, 0.0, 0.0, 1.0]], "0038": [[0.01260611042380333, -0.1967960149049759, 0.9803633689880371, 3.480290174484253], [0.9999205470085144, 0.0024810293689370155, -0.012359551154077053, -0.04387640953063965], [2.3283064365386963e-10, 0.9804413318634033, 0.19681163132190704, 0.6986813545227051], [0.0, 0.0, 0.0, 1.0]], "0039": [[0.9911103248596191, 0.06123167648911476, -0.11811454594135284, -0.4193066358566284], [-0.13304272294044495, 0.4561493396759033, -0.8799019455909729, -3.1236517429351807], [0.0, 0.8877941370010376, 0.46024078130722046, 1.6338547468185425], [0.0, 0.0, 0.0, 1.0]], "0040": [[0.41469165682792664, 0.2221728265285492, -0.8824228644371033, -3.132601022720337], [-0.909961998462677, 0.10124951601028442, -0.40214139223098755, -1.427601933479309], [0.0, 0.9697359204292297, 0.24415619671344757, 0.8667544722557068], [0.0, 0.0, 0.0, 1.0]], "0041": [[0.9472333192825317, 0.006503892596811056, -0.32047924399375916, -1.137701392173767], [-0.3205452561378479, 0.019219448789954185, -0.9470381736755371, -3.361985683441162], [0.0, 0.9997941255569458, 0.020290091633796692, 0.07202982902526855], [0.0, 0.0, 0.0, 1.0]], "0042": [[0.8484205603599548, -0.2059502750635147, 0.4876137673854828, 1.7310290336608887], [0.5293229222297668, 0.33010557293891907, -0.7815673351287842, -2.774564266204834], [-1.4901162970204496e-08, 0.9212029576301575, 0.3890824615955353, 1.3812428712844849], [0.0, 0.0, 0.0, 1.0]], "0043": [[0.3291662931442261, -0.3613366186618805, 0.8724020719528198, 3.09702730178833], [0.944271981716156, 0.12595930695533752, -0.30411297082901, -1.0796010494232178], [-7.450580596923828e-09, 0.9238885641098022, 0.3826616108417511, 1.3584486246109009], [0.0, 0.0, 0.0, 1.0]], "0044": [[-0.31354060769081116, -0.0030417137313634157, -0.9495698809623718, -3.3709733486175537], [-0.9495748281478882, 0.001004345016553998, 0.31353896856307983, 1.1130634546279907], [0.0, 0.9999948740005493, -0.0032032374292612076, -0.011371493339538574], [0.0, 0.0, 0.0, 1.0]], "0045": [[0.6746648550033569, -0.1920342743396759, 0.7127062082290649, 2.530107021331787], [0.7381241917610168, 0.17552435398101807, -0.6514321565628052, -2.312584161758423], [1.4901162970204496e-08, 0.9655640721321106, 0.2601652443408966, 0.9235866069793701], [0.0, 0.0, 0.0, 1.0]], "0046": [[0.25082018971443176, 0.1106627881526947, -0.9616876244544983, -3.4139904975891113], [-0.9680336713790894, 0.02867303229868412, -0.24917592108249664, -0.8845744132995605], [-1.8626449271863521e-09, 0.9934443235397339, 0.11431708931922913, 0.4058256149291992], [0.0, 0.0, 0.0, 1.0]], "0047": [[0.9470952749252319, 0.21300764381885529, -0.2400798201560974, -0.8522833585739136], [-0.3209525942802429, 0.6285617351531982, -0.7084487676620483, -2.5149929523468018], [-1.4901161193847656e-08, 0.7480226755142212, 0.6636732220649719, 2.3560397624969482], [0.0, 0.0, 0.0, 1.0]], "0048": [[0.6657314300537109, -0.168349951505661, 0.7269525527954102, 2.580681562423706], [0.7461914420127869, 0.15019717812538147, -0.6485670208930969, -2.302412748336792], [0.0, 0.9742171764373779, 0.22561228275299072, 0.8009235858917236], [0.0, 0.0, 0.0, 1.0]], "0049": [[-0.1279480904340744, -0.38067248463630676, 0.9158153533935547, 3.2511444091796875], [0.9917809367179871, -0.04910995811223984, 0.11814789474010468, 0.41942501068115234], [0.0, 0.9234049916267395, 0.38382720947265625, 1.362586498260498], [0.0, 0.0, 0.0, 1.0]], "0050": [[-0.9383485913276672, 0.12016496062278748, -0.3241332173347473, -1.1506729125976562], [-0.3456905782222748, -0.3261778950691223, 0.8798329830169678, 3.1234068870544434], [7.450580596923828e-09, 0.9376397728919983, 0.3476084768772125, 1.234010100364685], [0.0, 0.0, 0.0, 1.0]], "0051": [[-0.9158266186714172, -0.25368303060531616, 0.3112983703613281, 1.1051092147827148], [0.40157410502433777, -0.578547477722168, 0.709944486618042, 2.5203027725219727], [1.4901161193847656e-08, 0.7751953601837158, 0.6317216157913208, 2.2426116466522217], [0.0, 0.0, 0.0, 1.0]], "0052": [[-0.9981698393821716, 0.026312733069062233, -0.0544486939907074, -0.19329285621643066], [-0.060473304241895676, -0.4343169033527374, 0.8987278938293457, 3.190483808517456], [-1.862645149230957e-09, 0.9003757238388062, 0.4351132810115814, 1.5446521043777466], [0.0, 0.0, 0.0, 1.0]], "0053": [[0.9999204277992249, 0.0008859687368385494, -0.012585009448230267, -0.044676780700683594], [-0.012616155669093132, 0.07021935284137726, -0.9974518418312073, -3.5409538745880127], [5.820766091346741e-11, 0.9975311160087585, 0.07022494077682495, 0.24929852783679962], [0.0, 0.0, 0.0, 1.0]], "0054": [[-0.5765302777290344, -0.17122545838356018, 0.7989334464073181, 2.8362135887145996], [0.817075788974762, -0.12081703543663025, 0.5637290477752686, 2.0012381076812744], [0.0, 0.9777960181236267, 0.2095588594675064, 0.743933916091919], [0.0, 0.0, 0.0, 1.0]], "0055": [[-0.8964312076568604, -0.05780665576457977, 0.43939679861068726, 1.5598585605621338], [0.4431830048561096, -0.1169261708855629, 0.8887728452682495, 3.1551434993743896], [-3.725290298461914e-09, 0.9914568662643433, 0.13043518364429474, 0.4630449116230011], [0.0, 0.0, 0.0, 1.0]], "0056": [[0.2759220600128174, -0.0023008629214018583, 0.9611772298812866, 3.4121789932250977], [0.9611800909042358, 0.0006604993250221014, -0.2759212255477905, -0.979520320892334], [0.0, 0.9999971389770508, 0.0023937898222357035, 0.008497953414916992], [0.0, 0.0, 0.0, 1.0]], "0057": [[-0.5737095475196838, -0.23735404014587402, 0.7839134931564331, 2.782893180847168], [0.819058895111084, -0.16625456511974335, 0.5490919947624207, 1.9492766857147217], [-1.4901162970204496e-08, 0.9570906758308411, 0.28978872299194336, 1.0287500619888306], [0.0, 0.0, 0.0, 1.0]], "0058": [[0.9883815050125122, -0.04870954155921936, 0.14397698640823364, 0.5111182928085327], [0.15199339389801025, 0.31674808263778687, -0.9362524747848511, -3.3236961364746094], [-3.725290298461914e-09, 0.9472581148147583, 0.32047146558761597, 1.1376736164093018], [0.0, 0.0, 0.0, 1.0]], "0059": [[-0.27594152092933655, 0.5126723051071167, -0.813033401966095, -2.8862688541412354], [-0.9611744284629822, -0.14718200266361237, 0.23341204226016998, 0.8286128044128418], [0.0, 0.8458749651908875, 0.5333811044692993, 1.893502950668335], [0.0, 0.0, 0.0, 1.0]], "0060": [[-0.4135379195213318, -0.16705720126628876, 0.8950297236442566, 3.1773557662963867], [0.9104869961738586, -0.07587641477584839, 0.4065173268318176, 1.4431365728378296], [0.0, 0.9830232262611389, 0.1834811568260193, 0.6513581275939941], [0.0, 0.0, 0.0, 1.0]], "0061": [[-0.7175372838973999, -0.1639033555984497, 0.676960825920105, 2.4032111167907715], [0.6965201497077942, -0.16884905099868774, 0.6973877549171448, 2.47572660446167], [0.0, 0.9719186425209045, 0.2353174388408661, 0.8353769779205322], [0.0, 0.0, 0.0, 1.0]], "0062": [[-0.29081037640571594, -0.6036816835403442, 0.7422921657562256, 2.6351370811462402], [0.9567807912826538, -0.18348707258701324, 0.22561728954315186, 0.8009413480758667], [-1.4901162970204496e-08, 0.775822639465332, 0.6309509873390198, 2.2398760318756104], [0.0, 0.0, 0.0, 1.0]], "0063": [[-0.9577707648277283, 0.17997747659683228, -0.2242392599582672, -0.7960493564605713], [-0.28753283619880676, -0.599504292011261, 0.7469400763511658, 2.651637077331543], [-1.4901161193847656e-08, 0.7798734903335571, 0.6259371638298035, 2.222076892852783], [0.0, 0.0, 0.0, 1.0]], "0064": [[0.11108550429344177, 0.5406945943832397, -0.8338521122932434, -2.9601752758026123], [-0.9938108921051025, 0.060437384992837906, -0.09320574253797531, -0.33088040351867676], [0.0, 0.8390450477600098, 0.5440618395805359, 1.9314197301864624], [0.0, 0.0, 0.0, 1.0]], "0065": [[0.7633950114250183, 0.2635555863380432, -0.589717447757721, -2.0934970378875732], [-0.6459320783615112, 0.3114832043647766, -0.6969576478004456, -2.4741997718811035], [0.0, 0.9129713177680969, 0.4080236852169037, 1.448484182357788], [0.0, 0.0, 0.0, 1.0]], "0066": [[-0.6862869262695312, -0.448499858379364, 0.5725889801979065, 2.0326907634735107], [0.7273309230804443, -0.4231905937194824, 0.5402772426605225, 1.9179842472076416], [0.0, 0.7872469425201416, 0.6166380047798157, 2.1890647411346436], [0.0, 0.0, 0.0, 1.0]], "0067": [[0.9065777063369751, -0.1991998702287674, 0.3720703721046448, 1.320849895477295], [0.42203906178474426, 0.42789915204048157, -0.7992404699325562, -2.837303876876831], [0.0, 0.8816017508506775, 0.47199389338493347, 1.6755784749984741], [0.0, 0.0, 0.0, 1.0]], "0068": [[0.6826584339141846, -0.27800610661506653, 0.6757884621620178, 2.3990492820739746], [0.7307376265525818, 0.2597145736217499, -0.6313246488571167, -2.2412025928497314], [0.0, 0.9248031973838806, 0.38044583797454834, 1.3505828380584717], [0.0, 0.0, 0.0, 1.0]], "0069": [[0.03495524078607559, -0.12262452393770218, 0.9918373823165894, 3.5210225582122803], [0.9993888735771179, 0.004288990516215563, -0.034691113978624344, -0.1231534481048584], [0.0, 0.992443859577179, 0.12269950658082962, 0.435583233833313], [0.0, 0.0, 0.0, 1.0]], "0070": [[0.6192799806594849, 0.13211897015571594, -0.7739747762680054, -2.747610330581665], [-0.7851701974868774, 0.10420496016740799, -0.6104498505592346, -2.1670968532562256], [7.4505797087454084e-09, 0.9857413172721863, 0.16826792061328888, 0.59735107421875], [0.0, 0.0, 0.0, 1.0]], "0071": [[0.7583743929862976, 0.16382603347301483, -0.630895733833313, -2.239680051803589], [-0.6518193483352661, 0.1906071901321411, -0.7340302467346191, -2.6058075428009033], [0.0, 0.967899739742279, 0.25133654475212097, 0.892244815826416], [0.0, 0.0, 0.0, 1.0]], "0072": [[-0.8296610116958618, -0.06721262633800507, 0.5542067885398865, 1.9674341678619385], [0.5582675933837891, -0.09988702088594437, 0.8236260414123535, 2.923872709274292], [-7.450581485102248e-09, 0.9927260279655457, 0.1203949972987175, 0.4274022579193115], [0.0, 0.0, 0.0, 1.0]], "0073": [[-0.9164116382598877, -0.24202726781368256, 0.3187672197818756, 1.1316237449645996], [0.40023714303970337, -0.5541629791259766, 0.7298722863197327, 2.5910468101501465], [0.0, 0.796445906162262, 0.6047096848487854, 2.146719455718994], [0.0, 0.0, 0.0, 1.0]], "0074": [[0.8851940631866455, 0.10673101991415024, -0.4528135359287262, -1.6074881553649902], [-0.46522217988967896, 0.20308072865009308, -0.8615837097167969, -3.058622360229492], [-7.450581485102248e-09, 0.97332763671875, 0.22941946983337402, 0.8144391775131226], [0.0, 0.0, 0.0, 1.0]], "0075": [[-0.40233564376831055, -0.270602822303772, 0.874585747718811, 3.1047792434692383], [0.9154922962188721, -0.11892308294773102, 0.3843582570552826, 1.3644717931747437], [7.450580596923828e-09, 0.9553174376487732, 0.29558178782463074, 1.049315333366394], [0.0, 0.0, 0.0, 1.0]], "0076": [[-0.09939207136631012, -0.6682482957839966, 0.73726886510849, 2.617304563522339], [0.995048463344574, -0.06674908846616745, 0.07364332675933838, 0.26143383979797363], [-3.725290742551124e-09, 0.7409377694129944, 0.6715736985206604, 2.384086847305298], [0.0, 0.0, 0.0, 1.0]], "0077": [[-0.9288309812545776, -0.0033796282950788736, -0.37048834562301636, -1.315233588218689], [-0.3705037534236908, 0.008472527377307415, 0.9287922978401184, 3.297212600708008], [0.0, 0.9999583959579468, -0.009121710434556007, -0.032382071018218994], [0.0, 0.0, 0.0, 1.0]], "0078": [[0.4036075472831726, 0.6212101578712463, -0.6717134118080139, -2.38458251953125], [-0.9149322509765625, 0.27403682470321655, -0.2963155210018158, -1.0519200563430786], [0.0, 0.7341673374176025, 0.6789685487747192, 2.4103381633758545], [0.0, 0.0, 0.0, 1.0]], "0079": [[-0.47201231122016907, 0.1811622828245163, -0.8627772927284241, -3.062859296798706], [-0.8815920352935791, -0.09699591994285583, 0.461938738822937, 1.6398824453353882], [0.0, 0.9786583185195923, 0.2054944634437561, 0.7295053005218506], [0.0, 0.0, 0.0, 1.0]], "0080": [[0.6950408220291138, -0.48013681173324585, 0.5351513028144836, 1.899787187576294], [0.7189702987670898, 0.46415644884109497, -0.5173398852348328, -1.8365566730499268], [0.0, 0.7443302869796753, 0.6678116917610168, 2.3707315921783447], [0.0, 0.0, 0.0, 1.0]], "0081": [[-0.7137554883956909, -0.38528817892074585, 0.5848984122276306, 2.0763895511627197], [0.7003950476646423, -0.3926377594470978, 0.5960556864738464, 2.115997791290283], [0.0, 0.8350980281829834, 0.5501012206077576, 1.9528595209121704], [0.0, 0.0, 0.0, 1.0]], "0082": [[-0.5062854290008545, -0.11501338332891464, 0.8546618819236755, 3.0340499877929688], [0.8623660802841187, -0.0675230622291565, 0.5017623901367188, 1.7812566757202148], [0.0, 0.9910663366317749, 0.1333695650100708, 0.4734620153903961], [0.0, 0.0, 0.0, 1.0]], "0083": [[0.7083669900894165, 0.004431739449501038, 0.705830454826355, 2.5056979656219482], [0.7058444023132324, -0.004447577986866236, -0.7083530426025391, -2.514653205871582], [0.0, 0.9999803900718689, -0.006278635933995247, -0.022289156913757324], [0.0, 0.0, 0.0, 1.0]], "0084": [[-0.6562756299972534, -0.39778751134872437, 0.6411454677581787, 2.276066303253174], [0.7545212507247925, -0.345991849899292, 0.5576623678207397, 1.9797013998031616], [-1.4901161193847656e-08, 0.8497380018234253, 0.5272051692008972, 1.8715782165527344], [0.0, 0.0, 0.0, 1.0]], "0085": [[0.9545175433158875, 0.20102427899837494, -0.22019433975219727, -0.7816898822784424], [-0.2981548309326172, 0.6435623168945312, -0.7049335837364197, -2.502514123916626], [1.4901161193847656e-08, 0.7385233640670776, 0.6742278337478638, 2.3935086727142334], [0.0, 0.0, 0.0, 1.0]], "0086": [[-0.9861604571342468, 0.10052342712879181, -0.13184309005737305, -0.4680429697036743], [-0.16579371690750122, -0.5979251265525818, 0.7842181324958801, 2.7839741706848145], [-7.450580596923828e-09, 0.795223593711853, 0.6063162684440613, 2.1524226665496826], [0.0, 0.0, 0.0, 1.0]], "0087": [[-0.3201833963394165, 0.39497995376586914, -0.8610884547233582, -3.0568642616271973], [-0.9473556280136108, -0.13349372148513794, 0.2910271883010864, 1.033146619796753], [0.0, 0.9089390635490417, 0.4169289171695709, 1.480097770690918], [0.0, 0.0, 0.0, 1.0]], "0088": [[-0.7387838363647461, -0.15543194115161896, 0.655773937702179, 2.3279974460601807], [0.6739425659179688, -0.17038634419441223, 0.7188671827316284, 2.551978349685669], [7.4505797087454084e-09, 0.9730414152145386, 0.23063085973262787, 0.8187395334243774], [0.0, 0.0, 0.0, 1.0]], "0089": [[0.9341952204704285, 0.1752304583787918, -0.31076306104660034, -1.1032087802886963], [-0.3567623794078827, 0.4588472843170166, -0.813744306564331, -2.8887922763824463], [0.0, 0.8710644841194153, 0.4911685585975647, 1.7436482906341553], [0.0, 0.0, 0.0, 1.0]], "0090": [[-0.9933592677116394, -0.07061507552862167, 0.09083496034145355, 0.32246410846710205], [0.11505424976348877, -0.6096788048744202, 0.7842539548873901, 2.7841014862060547], [0.0, 0.789496898651123, 0.6137546300888062, 2.1788289546966553], [0.0, 0.0, 0.0, 1.0]], "0091": [[0.9997089505195618, 0.016571538522839546, -0.01753726601600647, -0.06225728988647461], [-0.02412823587656021, 0.6866111755371094, -0.7266243696212769, -2.5795164108276367], [-9.31322685637781e-10, 0.7268358469009399, 0.6868111491203308, 2.4381794929504395], [0.0, 0.0, 0.0, 1.0]], "0092": [[0.8803166747093201, -0.23708829283714294, 0.41089147329330444, 1.4586646556854248], [0.47438666224479675, 0.4399634003639221, -0.7624890208244324, -2.706835985183716], [1.4901162970204496e-08, 0.8661531805992126, 0.49977853894233704, 1.7742137908935547], [0.0, 0.0, 0.0, 1.0]], "0093": [[0.4916839897632599, -0.5324006080627441, 0.6890547871589661, 2.4461445808410645], [0.8707737922668457, 0.300620973110199, -0.38907602429389954, -1.3812199831008911], [-1.4901162970204496e-08, 0.7913131713867188, 0.6114109754562378, 2.170509099960327], [0.0, 0.0, 0.0, 1.0]], "0094": [[0.8712911009788513, -0.2708829641342163, 0.40923622250556946, 1.4527885913848877], [0.49076658487319946, 0.480916827917099, -0.7265447378158569, -2.5792336463928223], [0.0, 0.8338714241981506, 0.5519588589668274, 1.959453821182251], [0.0, 0.0, 0.0, 1.0]], "0095": [[0.7229457497596741, -0.2081206738948822, 0.6588135361671448, 2.3387882709503174], [0.6909049153327942, 0.21777229011058807, -0.6893661022186279, -2.4472498893737793], [0.0, 0.953551709651947, 0.3012291193008423, 1.0693634748458862], [0.0, 0.0, 0.0, 1.0]], "0096": [[-0.6747782230377197, 0.3982499837875366, -0.6213463544845581, -2.205779552459717], [-0.7380205392837524, -0.36412322521209717, 0.5681020617485046, 2.0167622566223145], [0.0, 0.8419092297554016, 0.5396191477775574, 1.9156479835510254], [0.0, 0.0, 0.0, 1.0]], "0097": [[-0.08065684139728546, -0.6150599122047424, 0.7843442559242249, 2.784421920776367], [0.9967419505119324, -0.04977094754576683, 0.06346951425075531, 0.22531676292419434], [0.0, 0.7869080305099487, 0.6170703768730164, 2.1905996799468994], [0.0, 0.0, 0.0, 1.0]], "0098": [[-0.4605379104614258, -0.4965451657772064, 0.7357633709907532, 2.611959934234619], [0.8876399993896484, -0.2576245665550232, 0.38173913955688477, 1.355173945426941], [-1.4901159417490817e-08, 0.8288984894752502, 0.5593991875648499, 1.9858671426773071], [0.0, 0.0, 0.0, 1.0]], "0099": [[0.11368037760257721, -0.11507543921470642, 0.9868305325508118, 3.5032482147216797], [0.9935173988342285, 0.013167177326977253, -0.11291525512933731, -0.4008491337299347], [0.0, 0.9932695627212524, 0.11582630127668381, 0.41118335723876953], [0.0, 0.0, 0.0, 1.0]]}