{
  "object_name": "sapien_laptop_10211",
  "states": {
    "start": {
      "cameras": [
        {
          "view_id": "0012",
          "pose_c2w": [
            [
              0.5403812527656555,
              -0.5019112229347229,
              0.6753320097923279,
              1.9584627151489258
            ],
            [
              0.8414204120635986,
              0.3223399519920349,
              -0.4337151050567627,
              -1.257773756980896
            ],
            [
              -1.4901162970204496e-08,
              0.8026095032691956,
              0.5965047478675842,
              1.7298637628555298
            ],
            [
              0.0,
              0.0,
              0.0,
              1.0
            ]
          ],
          "camera_intrinsics": [
            [
              1111.111111111111,
              0,
              400.0
            ],
            [
              0.0,
              1111.111111111111,
              400.0
            ],
            [
              0.0,
              0.0,
              1.0
            ]
          ]
        },
        {
          "view_id": "0037",
          "pose_c2w": [
            [
              0.9632605314254761,
              -0.017893116921186447,
              0.2679719924926758,
              0.7771187424659729
            ],
            [
              0.2685687243938446,
              0.06417624652385712,
              -0.9611203074455261,
              -2.7872488498687744
            ],
            [
              1.862645149230957e-09,
              0.9977781772613525,
              0.0666239783167839,
              0.19320952892303467
            ],
            [
              0.0,
              0.0,
              0.0,
              1.0
            ]
          ],
          "camera_intrinsics": [
            [
              1111.111111111111,
              0,
              400.0
            ],
            [
              0.0,
              1111.111111111111,
              400.0
            ],
            [
              0.0,
              0.0,
              1.0
            ]
          ]
        },
        {
          "view_id": "0062",
          "pose_c2w": [
            [
              -0.9059582948684692,
              -0.23651860654354095,
              0.3511388301849365,
              1.0183026790618896
            ],
            [
              0.4233669638633728,
              -0.5061236023902893,
              0.7513982057571411,
              2.1790549755096436
            ],
            [
              0.0,
              0.8293960094451904,
              0.5586610436439514,
              1.6201171875
            ],
            [
              0.0,
              0.0,
              0.0,
              1.0
            ]
          ],
          "camera_intrinsics": [
            [
              1111.111111111111,
              0,
              400.0
            ],
            [
              0.0,
              1111.111111111111,
              400.0
            ],
            [
              0.0,
              0.0,
              1.0
            ]
          ]
        },
        {
          "view_id": "0087",
          "pose_c2w": [
            [
              0.9097906351089478,
              0.1403609663248062,
              -0.3906148076057434,
              -1.1327829360961914
            ],
            [
              -0.4150676131248474,
              0.30765849351882935,
              -0.8561922311782837,
              -2.482957363128662
            ],
            [
              -7.450580596923828e-09,
              0.9410871863365173,
              0.3381640911102295,
              0.9806758761405945
            ],
            [
              0.0,
              0.0,
              0.0,
              1.0
            ]
          ],
          "camera_intrinsics": [
            [
              1111.111111111111,
              0,
              400.0
            ],
            [
              0.0,
              1111.111111111111,
              400.0
            ],
            [
              0.0,
              0.0,
              1.0
            ]
          ]
        }
      ],
      "total_available": 100,
      "selected": 4
    },
    "end": {
      "cameras": [
        {
          "view_id": "0012",
          "pose_c2w": [
            [
              0.989922285079956,
              0.0061332592740654945,
              -0.14147886633872986,
              -0.4102886915206909
            ],
            [
              -0.1416117548942566,
              0.042873915284872055,
              -0.9889933466911316,
              -2.8680806159973145
            ],
            [
              0.0,
              0.999061644077301,
              0.04331038147211075,
              0.12560009956359863
            ],
            [
              0.0,
              0.0,
              0.0,
              1.0
            ]
          ],
          "camera_intrinsics": [
            [
              1111.111111111111,
              0,
              400.0
            ],
            [
              0.0,
              1111.111111111111,
              400.0
            ],
            [
              0.0,
              0.0,
              1.0
            ]
          ]
        },
        {
          "view_id": "0037",
          "pose_c2w": [
            [
              0.49033403396606445,
              -0.4038732051849365,
              0.7723075747489929,
              2.239691972732544
            ],
            [
              0.8715345859527588,
              0.22722306847572327,
              -0.43450790643692017,
              -1.260072946548462
            ],
            [
              0.0,
              0.8861468434333801,
              0.4634046256542206,
              1.343873381614685
            ],
            [
              0.0,
              0.0,
              0.0,
              1.0
            ]
          ],
          "camera_intrinsics": [
            [
              1111.111111111111,
              0,
              400.0
            ],
            [
              0.0,
              1111.111111111111,
              400.0
            ],
            [
              0.0,
              0.0,
              1.0
            ]
          ]
        },
        {
          "view_id": "0062",
          "pose_c2w": [
            [
              -0.6639682054519653,
              -0.017882660031318665,
              0.747546911239624,
              2.167886257171631
            ],
            [
              0.7477608323097229,
              -0.015878763049840927,
              0.6637782454490662,
              1.924957036972046
            ],
            [
              0.0,
              0.9997140169143677,
              0.023914944380521774,
              0.06935334205627441
            ],
            [
              0.0,
              0.0,
              0.0,
              1.0
            ]
          ],
          "camera_intrinsics": [
            [
              1111.111111111111,
              0,
              400.0
            ],
            [
              0.0,
              1111.111111111111,
              400.0
            ],
            [
              0.0,
              0.0,
              1.0
            ]
          ]
        },
        {
          "view_id": "0087",
          "pose_c2w": [
            [
              0.45610055327415466,
              0.4505382478237152,
              -0.7674552798271179,
              -2.2256202697753906
            ],
            [
              -0.8899282217025757,
              0.2309071123600006,
              -0.39333149790763855,
              -1.140661358833313
            ],
            [
              0.0,
              0.8623788356781006,
              0.5062635540962219,
              1.4681642055511475
            ],
            [
              0.0,
              0.0,
              0.0,
              1.0
            ]
          ],
          "camera_intrinsics": [
            [
              1111.111111111111,
              0,
              400.0
            ],
            [
              0.0,
              1111.111111111111,
              400.0
            ],
            [
              0.0,
              0.0,
              1.0
            ]
          ]
        }
      ],
      "total_available": 100,
      "selected": 4
    }
  }
}