{
  "object_name": "sapien_foldchair_102255",
  "states": {
    "start": {
      "cameras": [
        {
          "view_id": "0012",
          "pose_c2w": [
            [
              0.7657157182693481,
              -0.10175630450248718,
              0.6350789070129395,
              1.841728925704956
            ],
            [
              0.6431792974472046,
              0.12114257365465164,
              -0.7560719847679138,
              -2.1926088333129883
            ],
            [
              0.0,
              0.9874057769775391,
              0.15820831060409546,
              0.4588041305541992
            ],
            [
              0.0,
              0.0,
              0.0,
              1.0
            ]
          ],
          "camera_intrinsics": [
            [
              1111.111111111111,
              0,
              400.0
            ],
            [
              0.0,
              1111.111111111111,
              400.0
            ],
            [
              0.0,
              0.0,
              1.0
            ]
          ]
        },
        {
          "view_id": "0037",
          "pose_c2w": [
            [
              -0.4403242766857147,
              0.7619560360908508,
              -0.47490793466567993,
              -1.3772330284118652
            ],
            [
              -0.897838830947876,
              -0.37368372082710266,
              0.23290762305259705,
              0.6754320859909058
            ],
            [
              0.0,
              0.5289456248283386,
              0.8486557006835938,
              2.461101531982422
            ],
            [
              0.0,
              0.0,
              0.0,
              1.0
            ]
          ],
          "camera_intrinsics": [
            [
              1111.111111111111,
              0,
              400.0
            ],
            [
              0.0,
              1111.111111111111,
              400.0
            ],
            [
              0.0,
              0.0,
              1.0
            ]
          ]
        },
        {
          "view_id": "0062",
          "pose_c2w": [
            [
              0.5518741607666016,
              0.5187713503837585,
              -0.6529251337051392,
              -1.8934828042984009
            ],
            [
              -0.8339274525642395,
              0.34331104159355164,
              -0.43209096789360046,
              -1.2530637979507446
            ],
            [
              0.0,
              0.7829520106315613,
              0.6220821142196655,
              1.804038166999817
            ],
            [
              0.0,
              0.0,
              0.0,
              1.0
            ]
          ],
          "camera_intrinsics": [
            [
              1111.111111111111,
              0,
              400.0
            ],
            [
              0.0,
              1111.111111111111,
              400.0
            ],
            [
              0.0,
              0.0,
              1.0
            ]
          ]
        },
        {
          "view_id": "0087",
          "pose_c2w": [
            [
              0.051212508231401443,
              0.011717184446752071,
              0.998619019985199,
              2.8959951400756836
            ],
            [
              0.9986878633499146,
              -0.000600854807998985,
              -0.0512089803814888,
              -0.1485060453414917
            ],
            [
              0.0,
              0.999931275844574,
              -0.01173257827758789,
              -0.03402447700500488
            ],
            [
              0.0,
              0.0,
              0.0,
              1.0
            ]
          ],
          "camera_intrinsics": [
            [
              1111.111111111111,
              0,
              400.0
            ],
            [
              0.0,
              1111.111111111111,
              400.0
            ],
            [
              0.0,
              0.0,
              1.0
            ]
          ]
        }
      ],
      "total_available": 100,
      "selected": 4
    },
    "end": {
      "cameras": [
        {
          "view_id": "0012",
          "pose_c2w": [
            [
              -0.9917464256286621,
              0.1035672202706337,
              -0.07558337599039078,
              -0.2191917896270752
            ],
            [
              -0.12821471691131592,
              -0.8010969161987305,
              0.5846406817436218,
              1.695457935333252
            ],
            [
              0.0,
              0.5895061492919922,
              0.8077638149261475,
              2.342514991760254
            ],
            [
              0.0,
              0.0,
              0.0,
              1.0
            ]
          ],
          "camera_intrinsics": [
            [
              1111.111111111111,
              0,
              400.0
            ],
            [
              0.0,
              1111.111111111111,
              400.0
            ],
            [
              0.0,
              0.0,
              1.0
            ]
          ]
        },
        {
          "view_id": "0037",
          "pose_c2w": [
            [
              0.5436899065971375,
              -0.2937374413013458,
              0.7862058281898499,
              2.279996871948242
            ],
            [
              0.8392862677574158,
              0.19028320908546448,
              -0.509304404258728,
              -1.4769827127456665
            ],
            [
              0.0,
              0.936755359172821,
              0.3499848246574402,
              1.014955997467041
            ],
            [
              0.0,
              0.0,
              0.0,
              1.0
            ]
          ],
          "camera_intrinsics": [
            [
              1111.111111111111,
              0,
              400.0
            ],
            [
              0.0,
              1111.111111111111,
              400.0
            ],
            [
              0.0,
              0.0,
              1.0
            ]
          ]
        },
        {
          "view_id": "0062",
          "pose_c2w": [
            [
              -0.8394612073898315,
              -0.45238757133483887,
              0.30108189582824707,
              0.8731375932693481
            ],
            [
              0.5434195399284363,
              -0.6988373398780823,
              0.46510401368141174,
              1.3488017320632935
            ],
            [
              0.0,
              0.5540505647659302,
              0.8324829936027527,
              2.414200782775879
            ],
            [
              0.0,
              0.0,
              0.0,
              1.0
            ]
          ],
          "camera_intrinsics": [
            [
              1111.111111111111,
              0,
              400.0
            ],
            [
              0.0,
              1111.111111111111,
              400.0
            ],
            [
              0.0,
              0.0,
              1.0
            ]
          ]
        },
        {
          "view_id": "0087",
          "pose_c2w": [
            [
              0.23174050450325012,
              -0.3184961676597595,
              0.919160783290863,
              2.6655662059783936
            ],
            [
              0.9727777242660522,
              0.07587392628192902,
              -0.21896757185459137,
              -0.6350059509277344
            ],
            [
              -7.450581485102248e-09,
              0.9448826909065247,
              0.327409029006958,
              0.9494861960411072
            ],
            [
              0.0,
              0.0,
              0.0,
              1.0
            ]
          ],
          "camera_intrinsics": [
            [
              1111.111111111111,
              0,
              400.0
            ],
            [
              0.0,
              1111.111111111111,
              400.0
            ],
            [
              0.0,
              0.0,
              1.0
            ]
          ]
        }
      ],
      "total_available": 100,
      "selected": 4
    }
  }
}