{
  "object_name": "sapien_stapler_103111",
  "states": {
    "start": {
      "cameras": [
        {
          "view_id": "0012",
          "pose_c2w": [
            [
              0.9712483882904053,
              -0.07055492699146271,
              0.2273731231689453,
              0.9094924926757812
            ],
            [
              0.2380683422088623,
              0.2878432273864746,
              -0.9276150465011597,
              -3.7104601860046387
            ],
            [
              0.0,
              0.9550750255584717,
              0.2963641881942749,
              1.1854567527770996
            ],
            [
              0.0,
              0.0,
              0.0,
              1.0
            ]
          ],
          "camera_intrinsics": [
            [
              1111.111111111111,
              0,
              400.0
            ],
            [
              0.0,
              1111.111111111111,
              400.0
            ],
            [
              0.0,
              0.0,
              1.0
            ]
          ]
        },
        {
          "view_id": "0037",
          "pose_c2w": [
            [
              0.17201310396194458,
              -0.5730026364326477,
              0.8012987375259399,
              3.2051944732666016
            ],
            [
              0.9850946664810181,
              0.10005530714988708,
              -0.13991941511631012,
              -0.5596776008605957
            ],
            [
              0.0,
              0.8134230375289917,
              0.5816726684570312,
              2.326690435409546
            ],
            [
              0.0,
              0.0,
              0.0,
              1.0
            ]
          ],
          "camera_intrinsics": [
            [
              1111.111111111111,
              0,
              400.0
            ],
            [
              0.0,
              1111.111111111111,
              400.0
            ],
            [
              0.0,
              0.0,
              1.0
            ]
          ]
        },
        {
          "view_id": "0062",
          "pose_c2w": [
            [
              0.5440316796302795,
              -0.33397722244262695,
              0.7697329521179199,
              3.0789318084716797
            ],
            [
              0.8390647172927856,
              0.21654370427131653,
              -0.4990784227848053,
              -1.9963136911392212
            ],
            [
              0.0,
              0.9173702001571655,
              0.39803510904312134,
              1.5921404361724854
            ],
            [
              0.0,
              0.0,
              0.0,
              1.0
            ]
          ],
          "camera_intrinsics": [
            [
              1111.111111111111,
              0,
              400.0
            ],
            [
              0.0,
              1111.111111111111,
              400.0
            ],
            [
              0.0,
              0.0,
              1.0
            ]
          ]
        },
        {
          "view_id": "0087",
          "pose_c2w": [
            [
              -0.002468118676915765,
              0.23367586731910706,
              -0.9723114371299744,
              -3.8892457485198975
            ],
            [
              -0.9999970197677612,
              -0.0005767415277659893,
              0.0023997873067855835,
              0.009599149227142334
            ],
            [
              0.0,
              0.9723144173622131,
              0.23367656767368317,
              0.9347062706947327
            ],
            [
              0.0,
              0.0,
              0.0,
              1.0
            ]
          ],
          "camera_intrinsics": [
            [
              1111.111111111111,
              0,
              400.0
            ],
            [
              0.0,
              1111.111111111111,
              400.0
            ],
            [
              0.0,
              0.0,
              1.0
            ]
          ]
        }
      ],
      "total_available": 100,
      "selected": 4
    },
    "end": {
      "cameras": [
        {
          "view_id": "0012",
          "pose_c2w": [
            [
              0.06707606464624405,
              -0.31177881360054016,
              0.9477842450141907,
              3.7911365032196045
            ],
            [
              0.9977478981018066,
              0.020960098132491112,
              -0.06371713429689407,
              -0.2548685073852539
            ],
            [
              1.8626449271863521e-09,
              0.9499235153198242,
              0.3124825656414032,
              1.2499301433563232
            ],
            [
              0.0,
              0.0,
              0.0,
              1.0
            ]
          ],
          "camera_intrinsics": [
            [
              1111.111111111111,
              0,
              400.0
            ],
            [
              0.0,
              1111.111111111111,
              400.0
            ],
            [
              0.0,
              0.0,
              1.0
            ]
          ]
        },
        {
          "view_id": "0037",
          "pose_c2w": [
            [
              -0.5163036584854126,
              0.1279255449771881,
              -0.8467972874641418,
              -3.3871891498565674
            ],
            [
              -0.8564056158065796,
              -0.07712282985448837,
              0.510511040687561,
              2.042044162750244
            ],
            [
              0.0,
              0.9887806177139282,
              0.14937494695186615,
              0.5974997878074646
            ],
            [
              0.0,
              0.0,
              0.0,
              1.0
            ]
          ],
          "camera_intrinsics": [
            [
              1111.111111111111,
              0,
              400.0
            ],
            [
              0.0,
              1111.111111111111,
              400.0
            ],
            [
              0.0,
              0.0,
              1.0
            ]
          ]
        },
        {
          "view_id": "0062",
          "pose_c2w": [
            [
              -0.8872175216674805,
              -0.26931771636009216,
              0.37458372116088867,
              1.4983348846435547
            ],
            [
              0.4613512456417084,
              -0.5179207921028137,
              0.7203562259674072,
              2.881424903869629
            ],
            [
              0.0,
              0.8119273781776428,
              0.583758533000946,
              2.335034132003784
            ],
            [
              0.0,
              0.0,
              0.0,
              1.0
            ]
          ],
          "camera_intrinsics": [
            [
              1111.111111111111,
              0,
              400.0
            ],
            [
              0.0,
              1111.111111111111,
              400.0
            ],
            [
              0.0,
              0.0,
              1.0
            ]
          ]
        },
        {
          "view_id": "0087",
          "pose_c2w": [
            [
              -0.2667562663555145,
              0.6078276038169861,
              -0.7479216456413269,
              -2.9916865825653076
            ],
            [
              -0.9637640714645386,
              -0.16823810338974,
              0.20701414346694946,
              0.8280565738677979
            ],
            [
              -1.4901161193847656e-08,
              0.7760422229766846,
              0.6306809186935425,
              2.52272367477417
            ],
            [
              0.0,
              0.0,
              0.0,
              1.0
            ]
          ],
          "camera_intrinsics": [
            [
              1111.111111111111,
              0,
              400.0
            ],
            [
              0.0,
              1111.111111111111,
              400.0
            ],
            [
              0.0,
              0.0,
              1.0
            ]
          ]
        }
      ],
      "total_available": 100,
      "selected": 4
    }
  }
}