{
  "object_name": "sapien_storage_45135",
  "states": {
    "start": {
      "cameras": [
        {
          "view_id": "0012",
          "pose_c2w": [
            [
              -0.9934111833572388,
              0.06492608785629272,
              -0.09444020688533783,
              -0.33715152740478516
            ],
            [
              -0.11460518836975098,
              -0.5627869367599487,
              0.8186187148094177,
              2.922468662261963
            ],
            [
              -3.725290298461914e-09,
              0.8240482807159424,
              0.5665196180343628,
              2.022475004196167
            ],
            [
              0.0,
              0.0,
              0.0,
              1.0
            ]
          ],
          "camera_intrinsics": [
            [
              1111.111111111111,
              0,
              400.0
            ],
            [
              0.0,
              1111.111111111111,
              400.0
            ],
            [
              0.0,
              0.0,
              1.0
            ]
          ]
        },
        {
          "view_id": "0037",
          "pose_c2w": [
            [
              -0.9992019534111023,
              0.007989639416337013,
              -0.039135709404945374,
              -0.13971447944641113
            ],
            [
              -0.03994293510913849,
              -0.19986671209335327,
              0.9790085554122925,
              3.495060443878174
            ],
            [
              -9.31322685637781e-10,
              0.979790449142456,
              0.20002633333206177,
              0.7140939831733704
            ],
            [
              0.0,
              0.0,
              0.0,
              1.0
            ]
          ],
          "camera_intrinsics": [
            [
              1111.111111111111,
              0,
              400.0
            ],
            [
              0.0,
              1111.111111111111,
              400.0
            ],
            [
              0.0,
              0.0,
              1.0
            ]
          ]
        },
        {
          "view_id": "0062",
          "pose_c2w": [
            [
              -0.34307098388671875,
              -0.4400845468044281,
              0.8298361301422119,
              2.962514877319336
            ],
            [
              0.9393095374107361,
              -0.1607353389263153,
              0.3030872046947479,
              1.0820212364196777
            ],
            [
              0.0,
              0.883453369140625,
              0.4685191512107849,
              1.672613263130188
            ],
            [
              0.0,
              0.0,
              0.0,
              1.0
            ]
          ],
          "camera_intrinsics": [
            [
              1111.111111111111,
              0,
              400.0
            ],
            [
              0.0,
              1111.111111111111,
              400.0
            ],
            [
              0.0,
              0.0,
              1.0
            ]
          ]
        },
        {
          "view_id": "0087",
          "pose_c2w": [
            [
              0.14497774839401245,
              -0.3622262477874756,
              0.9207462668418884,
              3.2870640754699707
            ],
            [
              0.9894349575042725,
              0.05307548865675926,
              -0.13491307199001312,
              -0.4816396236419678
            ],
            [
              -3.725290298461914e-09,
              0.9305778741836548,
              0.36609402298927307,
              1.3069555759429932
            ],
            [
              0.0,
              0.0,
              0.0,
              1.0
            ]
          ],
          "camera_intrinsics": [
            [
              1111.111111111111,
              0,
              400.0
            ],
            [
              0.0,
              1111.111111111111,
              400.0
            ],
            [
              0.0,
              0.0,
              1.0
            ]
          ]
        }
      ],
      "total_available": 100,
      "selected": 4
    },
    "end": {
      "cameras": [
        {
          "view_id": "0012",
          "pose_c2w": [
            [
              0.2977082133293152,
              -0.5468469858169556,
              0.7825140357017517,
              2.7935750484466553
            ],
            [
              0.9546569585800171,
              0.17053334414958954,
              -0.24402573704719543,
              -0.8711718320846558
            ],
            [
              0.0,
              0.8196808695793152,
              0.5728204846382141,
              2.044969081878662
            ],
            [
              0.0,
              0.0,
              0.0,
              1.0
            ]
          ],
          "camera_intrinsics": [
            [
              1111.111111111111,
              0,
              400.0
            ],
            [
              0.0,
              1111.111111111111,
              400.0
            ],
            [
              0.0,
              0.0,
              1.0
            ]
          ]
        },
        {
          "view_id": "0037",
          "pose_c2w": [
            [
              0.6019657850265503,
              0.12983128428459167,
              -0.7878965735435486,
              -2.812790632247925
            ],
            [
              -0.798521876335144,
              0.09787331521511078,
              -0.5939558744430542,
              -2.12042236328125
            ],
            [
              0.0,
              0.986693799495697,
              0.16258949041366577,
              0.5804444551467896
            ],
            [
              0.0,
              0.0,
              0.0,
              1.0
            ]
          ],
          "camera_intrinsics": [
            [
              1111.111111111111,
              0,
              400.0
            ],
            [
              0.0,
              1111.111111111111,
              400.0
            ],
            [
              0.0,
              0.0,
              1.0
            ]
          ]
        },
        {
          "view_id": "0062",
          "pose_c2w": [
            [
              0.39674222469329834,
              0.3222576081752777,
              -0.8595031499862671,
              -3.0684261322021484
            ],
            [
              -0.9179301261901855,
              0.13928422331809998,
              -0.3714892566204071,
              -1.3262165784835815
            ],
            [
              -7.450580596923828e-09,
              0.9363492727279663,
              0.35106992721557617,
              1.2533196210861206
            ],
            [
              0.0,
              0.0,
              0.0,
              1.0
            ]
          ],
          "camera_intrinsics": [
            [
              1111.111111111111,
              0,
              400.0
            ],
            [
              0.0,
              1111.111111111111,
              400.0
            ],
            [
              0.0,
              0.0,
              1.0
            ]
          ]
        },
        {
          "view_id": "0087",
          "pose_c2w": [
            [
              -0.9822173118591309,
              0.0065945107489824295,
              -0.18763196468353271,
              -0.6698460578918457
            ],
            [
              -0.18774783611297607,
              -0.03449969366192818,
              0.9816111922264099,
              3.504351854324341
            ],
            [
              4.656613428188905e-10,
              0.9993829131126404,
              0.03512430191040039,
              0.12539374828338623
            ],
            [
              0.0,
              0.0,
              0.0,
              1.0
            ]
          ],
          "camera_intrinsics": [
            [
              1111.111111111111,
              0,
              400.0
            ],
            [
              0.0,
              1111.111111111111,
              400.0
            ],
            [
              0.0,
              0.0,
              1.0
            ]
          ]
        }
      ],
      "total_available": 100,
      "selected": 4
    }
  }
}