{
  "object_name": "sapien_oven_101917",
  "states": {
    "start": {
      "cameras": [
        {
          "view_id": "0012",
          "pose_c2w": [
            [
              -0.9915711879730225,
              0.07472873479127884,
              -0.10584119707345963,
              -0.3757362365722656
            ],
            [
              -0.12956367433071136,
              -0.5719107985496521,
              0.8100193738937378,
              2.8755686283111572
            ],
            [
              0.0,
              0.8169049024581909,
              0.5767723321914673,
              2.047541618347168
            ],
            [
              0.0,
              0.0,
              0.0,
              1.0
            ]
          ],
          "camera_intrinsics": [
            [
              1111.111111111111,
              0,
              400.0
            ],
            [
              0.0,
              1111.111111111111,
              400.0
            ],
            [
              0.0,
              0.0,
              1.0
            ]
          ]
        },
        {
          "view_id": "0037",
          "pose_c2w": [
            [
              -0.8434317111968994,
              0.30386191606521606,
              -0.44304749369621277,
              -1.5728185176849365
            ],
            [
              -0.5372365713119507,
              -0.4770463705062866,
              0.6955599784851074,
              2.469237804412842
            ],
            [
              -1.4901161193847656e-08,
              0.8246785402297974,
              0.5656017661094666,
              2.0078861713409424
            ],
            [
              0.0,
              0.0,
              0.0,
              1.0
            ]
          ],
          "camera_intrinsics": [
            [
              1111.111111111111,
              0,
              400.0
            ],
            [
              0.0,
              1111.111111111111,
              400.0
            ],
            [
              0.0,
              0.0,
              1.0
            ]
          ]
        },
        {
          "view_id": "0062",
          "pose_c2w": [
            [
              0.8282998204231262,
              0.31554824113845825,
              -0.46297815442085266,
              -1.6435725688934326
            ],
            [
              -0.560285210609436,
              0.4664919674396515,
              -0.6844455003738403,
              -2.429781675338745
            ],
            [
              2.980232594040899e-08,
              0.8263259530067444,
              0.5631921887397766,
              1.9993324279785156
            ],
            [
              0.0,
              0.0,
              0.0,
              1.0
            ]
          ],
          "camera_intrinsics": [
            [
              1111.111111111111,
              0,
              400.0
            ],
            [
              0.0,
              1111.111111111111,
              400.0
            ],
            [
              0.0,
              0.0,
              1.0
            ]
          ]
        },
        {
          "view_id": "0087",
          "pose_c2w": [
            [
              0.29801902174949646,
              -0.4969255328178406,
              0.8150151968002319,
              2.893303871154785
            ],
            [
              0.9545599818229675,
              0.15514294803142548,
              -0.25445234775543213,
              -0.9033057689666748
            ],
            [
              0.0,
              0.8538124561309814,
              0.5205807685852051,
              1.8480615615844727
            ],
            [
              0.0,
              0.0,
              0.0,
              1.0
            ]
          ],
          "camera_intrinsics": [
            [
              1111.111111111111,
              0,
              400.0
            ],
            [
              0.0,
              1111.111111111111,
              400.0
            ],
            [
              0.0,
              0.0,
              1.0
            ]
          ]
        }
      ],
      "total_available": 100,
      "selected": 4
    },
    "end": {
      "cameras": [
        {
          "view_id": "0012",
          "pose_c2w": [
            [
              -0.09888078272342682,
              -0.464478999376297,
              0.880046546459198,
              3.1241650581359863
            ],
            [
              0.9950993657112122,
              -0.04615423455834389,
              0.08744824677705765,
              0.310441255569458
            ],
            [
              0.0,
              0.8843806385993958,
              0.46676650643348694,
              1.6570210456848145
            ],
            [
              0.0,
              0.0,
              0.0,
              1.0
            ]
          ],
          "camera_intrinsics": [
            [
              1111.111111111111,
              0,
              400.0
            ],
            [
              0.0,
              1111.111111111111,
              400.0
            ],
            [
              0.0,
              0.0,
              1.0
            ]
          ]
        },
        {
          "view_id": "0037",
          "pose_c2w": [
            [
              0.6451712846755981,
              0.46501675248146057,
              -0.6062288880348206,
              -2.1521124839782715
            ],
            [
              -0.7640379667282104,
              0.3926708698272705,
              -0.5119136571884155,
              -1.8172935247421265
            ],
            [
              0.0,
              0.7934538722038269,
              0.6086304187774658,
              2.160637855529785
            ],
            [
              0.0,
              0.0,
              0.0,
              1.0
            ]
          ],
          "camera_intrinsics": [
            [
              1111.111111111111,
              0,
              400.0
            ],
            [
              0.0,
              1111.111111111111,
              400.0
            ],
            [
              0.0,
              0.0,
              1.0
            ]
          ]
        },
        {
          "view_id": "0062",
          "pose_c2w": [
            [
              -0.29081037640571594,
              -0.6036816835403442,
              0.7422921657562256,
              2.6351370811462402
            ],
            [
              0.9567807912826538,
              -0.18348707258701324,
              0.22561728954315186,
              0.8009413480758667
            ],
            [
              -1.4901162970204496e-08,
              0.775822639465332,
              0.6309509873390198,
              2.2398760318756104
            ],
            [
              0.0,
              0.0,
              0.0,
              1.0
            ]
          ],
          "camera_intrinsics": [
            [
              1111.111111111111,
              0,
              400.0
            ],
            [
              0.0,
              1111.111111111111,
              400.0
            ],
            [
              0.0,
              0.0,
              1.0
            ]
          ]
        },
        {
          "view_id": "0087",
          "pose_c2w": [
            [
              -0.3201833963394165,
              0.39497995376586914,
              -0.8610884547233582,
              -3.0568642616271973
            ],
            [
              -0.9473556280136108,
              -0.13349372148513794,
              0.2910271883010864,
              1.033146619796753
            ],
            [
              0.0,
              0.9089390635490417,
              0.4169289171695709,
              1.480097770690918
            ],
            [
              0.0,
              0.0,
              0.0,
              1.0
            ]
          ],
          "camera_intrinsics": [
            [
              1111.111111111111,
              0,
              400.0
            ],
            [
              0.0,
              1111.111111111111,
              400.0
            ],
            [
              0.0,
              0.0,
              1.0
            ]
          ]
        }
      ],
      "total_available": 100,
      "selected": 4
    }
  }
}