{
  "object_name": "sapien_scissor_11100",
  "states": {
    "start": {
      "cameras": [
        {
          "view_id": "0012",
          "pose_c2w": [
            [
              0.9489160776138306,
              0.23274067044258118,
              -0.2130497545003891,
              -0.660454273223877
            ],
            [
              -0.31552883982658386,
              0.6999403834342957,
              -0.6407222747802734,
              -1.9862391948699951
            ],
            [
              0.0,
              0.675214946269989,
              0.737621009349823,
              2.2866251468658447
            ],
            [
              0.0,
              0.0,
              0.0,
              1.0
            ]
          ],
          "camera_intrinsics": [
            [
              1111.111111111111,
              0,
              400.0
            ],
            [
              0.0,
              1111.111111111111,
              400.0
            ],
            [
              0.0,
              0.0,
              1.0
            ]
          ]
        },
        {
          "view_id": "0037",
          "pose_c2w": [
            [
              -0.4989043176174164,
              -0.2676471173763275,
              0.8242933750152588,
              2.555309295654297
            ],
            [
              0.8666571378707886,
              -0.15407511591911316,
              0.47451698780059814,
              1.4710025787353516
            ],
            [
              0.0,
              0.9511182308197021,
              0.3088270127773285,
              0.9573637247085571
            ],
            [
              0.0,
              0.0,
              0.0,
              1.0
            ]
          ],
          "camera_intrinsics": [
            [
              1111.111111111111,
              0,
              400.0
            ],
            [
              0.0,
              1111.111111111111,
              400.0
            ],
            [
              0.0,
              0.0,
              1.0
            ]
          ]
        },
        {
          "view_id": "0062",
          "pose_c2w": [
            [
              0.3738851249217987,
              0.30228015780448914,
              -0.8768332600593567,
              -2.7181832790374756
            ],
            [
              -0.927475094795227,
              0.12185563147068024,
              -0.3534703254699707,
              -1.095758080482483
            ],
            [
              7.450581485102248e-09,
              0.9453982710838318,
              0.3259173035621643,
              1.0103436708450317
            ],
            [
              0.0,
              0.0,
              0.0,
              1.0
            ]
          ],
          "camera_intrinsics": [
            [
              1111.111111111111,
              0,
              400.0
            ],
            [
              0.0,
              1111.111111111111,
              400.0
            ],
            [
              0.0,
              0.0,
              1.0
            ]
          ]
        },
        {
          "view_id": "0087",
          "pose_c2w": [
            [
              0.9901558756828308,
              -0.12368199974298477,
              0.06553052365779877,
              0.2031446099281311
            ],
            [
              0.1399696171283722,
              0.874936044216156,
              -0.4635680019855499,
              -1.4370607137680054
            ],
            [
              3.725290742551124e-09,
              0.46817678213119507,
              0.8836348652839661,
              2.7392678260803223
            ],
            [
              0.0,
              0.0,
              0.0,
              1.0
            ]
          ],
          "camera_intrinsics": [
            [
              1111.111111111111,
              0,
              400.0
            ],
            [
              0.0,
              1111.111111111111,
              400.0
            ],
            [
              0.0,
              0.0,
              1.0
            ]
          ]
        }
      ],
      "total_available": 100,
      "selected": 4
    },
    "end": {
      "cameras": [
        {
          "view_id": "0012",
          "pose_c2w": [
            [
              0.9924057126045227,
              -0.09383029490709305,
              0.07954085618257523,
              0.24657666683197021
            ],
            [
              0.12300761044025421,
              0.7570078372955322,
              -0.6417229175567627,
              -1.989341139793396
            ],
            [
              0.0,
              0.6466336250305176,
              0.7628006935119629,
              2.364682197570801
            ],
            [
              0.0,
              0.0,
              0.0,
              1.0
            ]
          ],
          "camera_intrinsics": [
            [
              1111.111111111111,
              0,
              400.0
            ],
            [
              0.0,
              1111.111111111111,
              400.0
            ],
            [
              0.0,
              0.0,
              1.0
            ]
          ]
        },
        {
          "view_id": "0037",
          "pose_c2w": [
            [
              0.4379274845123291,
              -0.6939756274223328,
              0.571504533290863,
              1.7716639041900635
            ],
            [
              0.8990103006362915,
              0.33805063366889954,
              -0.27839231491088867,
              -0.8630161285400391
            ],
            [
              1.4901159417490817e-08,
              0.6357041001319885,
              0.7719328999519348,
              2.392991781234741
            ],
            [
              0.0,
              0.0,
              0.0,
              1.0
            ]
          ],
          "camera_intrinsics": [
            [
              1111.111111111111,
              0,
              400.0
            ],
            [
              0.0,
              1111.111111111111,
              400.0
            ],
            [
              0.0,
              0.0,
              1.0
            ]
          ]
        },
        {
          "view_id": "0062",
          "pose_c2w": [
            [
              0.12161479145288467,
              -0.3819274306297302,
              0.9161556959152222,
              2.8400824069976807
            ],
            [
              0.9925774335861206,
              0.04679537191987038,
              -0.11225128173828125,
              -0.34797894954681396
            ],
            [
              -3.725290298461914e-09,
              0.9230068922042847,
              0.384783536195755,
              1.192828893661499
            ],
            [
              0.0,
              0.0,
              0.0,
              1.0
            ]
          ],
          "camera_intrinsics": [
            [
              1111.111111111111,
              0,
              400.0
            ],
            [
              0.0,
              1111.111111111111,
              400.0
            ],
            [
              0.0,
              0.0,
              1.0
            ]
          ]
        },
        {
          "view_id": "0087",
          "pose_c2w": [
            [
              -0.5849446654319763,
              0.5564383268356323,
              -0.5900984406471252,
              -1.8293051719665527
            ],
            [
              -0.8110733032226562,
              -0.40130236744880676,
              0.42557796835899353,
              1.3192917108535767
            ],
            [
              0.0,
              0.7275525331497192,
              0.6860519051551819,
              2.126760959625244
            ],
            [
              0.0,
              0.0,
              0.0,
              1.0
            ]
          ],
          "camera_intrinsics": [
            [
              1111.111111111111,
              0,
              400.0
            ],
            [
              0.0,
              1111.111111111111,
              400.0
            ],
            [
              0.0,
              0.0,
              1.0
            ]
          ]
        }
      ],
      "total_available": 100,
      "selected": 4
    }
  }
}