{
  "object_name": "sapien_blade_103706",
  "states": {
    "start": {
      "cameras": [
        {
          "view_id": "0012",
          "pose_c2w": [
            [
              0.773362934589386,
              0.22662703692913055,
              -0.5920726656913757,
              -2.3090834617614746
            ],
            [
              -0.6339637041091919,
              0.2764589488506317,
              -0.7222606539726257,
              -2.816816806793213
            ],
            [
              0.0,
              0.9339221119880676,
              0.3574764132499695,
              1.394158124923706
            ],
            [
              0.0,
              0.0,
              0.0,
              1.0
            ]
          ],
          "camera_intrinsics": [
            [
              1111.111111111111,
              0,
              400.0
            ],
            [
              0.0,
              1111.111111111111,
              400.0
            ],
            [
              0.0,
              0.0,
              1.0
            ]
          ]
        },
        {
          "view_id": "0037",
          "pose_c2w": [
            [
              0.9872766733169556,
              -0.11926499754190445,
              0.1051696240901947,
              0.410161554813385
            ],
            [
              0.15901191532611847,
              0.7404950857162476,
              -0.6529794335365295,
              -2.5466198921203613
            ],
            [
              0.0,
              0.6613946557044983,
              0.7500380873680115,
              2.9251487255096436
            ],
            [
              0.0,
              0.0,
              0.0,
              1.0
            ]
          ],
          "camera_intrinsics": [
            [
              1111.111111111111,
              0,
              400.0
            ],
            [
              0.0,
              1111.111111111111,
              400.0
            ],
            [
              0.0,
              0.0,
              1.0
            ]
          ]
        },
        {
          "view_id": "0062",
          "pose_c2w": [
            [
              -0.09297090768814087,
              -0.1832939088344574,
              0.9786519408226013,
              3.8167428970336914
            ],
            [
              0.9956688284873962,
              -0.01711512915790081,
              0.09138195216655731,
              0.3563896417617798
            ],
            [
              0.0,
              0.9829091429710388,
              0.1840912401676178,
              0.7179558873176575
            ],
            [
              0.0,
              0.0,
              0.0,
              1.0
            ]
          ],
          "camera_intrinsics": [
            [
              1111.111111111111,
              0,
              400.0
            ],
            [
              0.0,
              1111.111111111111,
              400.0
            ],
            [
              0.0,
              0.0,
              1.0
            ]
          ]
        },
        {
          "view_id": "0087",
          "pose_c2w": [
            [
              -0.09816962480545044,
              -0.08606002479791641,
              0.9914416074752808,
              3.8666224479675293
            ],
            [
              0.9951697587966919,
              -0.008489487692713737,
              0.09780186414718628,
              0.3814272880554199
            ],
            [
              9.313225746154785e-10,
              0.9962537884712219,
              0.08647773414850235,
              0.33726319670677185
            ],
            [
              0.0,
              0.0,
              0.0,
              1.0
            ]
          ],
          "camera_intrinsics": [
            [
              1111.111111111111,
              0,
              400.0
            ],
            [
              0.0,
              1111.111111111111,
              400.0
            ],
            [
              0.0,
              0.0,
              1.0
            ]
          ]
        }
      ],
      "total_available": 100,
      "selected": 4
    },
    "end": {
      "cameras": [
        {
          "view_id": "0012",
          "pose_c2w": [
            [
              0.8928409814834595,
              -0.13631179928779602,
              0.42924830317497253,
              1.6740684509277344
            ],
            [
              0.4503721594810486,
              0.27023154497146606,
              -0.8509640097618103,
              -3.3187599182128906
            ],
            [
              0.0,
              0.9530971050262451,
              0.3026648163795471,
              1.180392861366272
            ],
            [
              0.0,
              0.0,
              0.0,
              1.0
            ]
          ],
          "camera_intrinsics": [
            [
              1111.111111111111,
              0,
              400.0
            ],
            [
              0.0,
              1111.111111111111,
              400.0
            ],
            [
              0.0,
              0.0,
              1.0
            ]
          ]
        },
        {
          "view_id": "0037",
          "pose_c2w": [
            [
              0.8415398597717285,
              -0.09740333259105682,
              0.5313409566879272,
              2.0722296237945557
            ],
            [
              0.5401949286460876,
              0.15173928439617157,
              -0.8277467489242554,
              -3.2282121181488037
            ],
            [
              -7.4505797087454084e-09,
              0.9836096167564392,
              0.18031145632266998,
              0.7032146453857422
            ],
            [
              0.0,
              0.0,
              0.0,
              1.0
            ]
          ],
          "camera_intrinsics": [
            [
              1111.111111111111,
              0,
              400.0
            ],
            [
              0.0,
              1111.111111111111,
              400.0
            ],
            [
              0.0,
              0.0,
              1.0
            ]
          ]
        },
        {
          "view_id": "0062",
          "pose_c2w": [
            [
              -0.5606697201728821,
              0.35671746730804443,
              -0.7472630739212036,
              -2.914325714111328
            ],
            [
              -0.8280395269393921,
              -0.24153520166873932,
              0.505975604057312,
              1.9733047485351562
            ],
            [
              0.0,
              0.9024485349655151,
              0.43079763650894165,
              1.6801106929779053
            ],
            [
              0.0,
              0.0,
              0.0,
              1.0
            ]
          ],
          "camera_intrinsics": [
            [
              1111.111111111111,
              0,
              400.0
            ],
            [
              0.0,
              1111.111111111111,
              400.0
            ],
            [
              0.0,
              0.0,
              1.0
            ]
          ]
        },
        {
          "view_id": "0087",
          "pose_c2w": [
            [
              -0.8909614682197571,
              -0.10040479898452759,
              0.4428391456604004,
              1.7270727157592773
            ],
            [
              0.45407888293266296,
              -0.1970071792602539,
              0.868907630443573,
              3.388740062713623
            ],
            [
              -7.450580596923828e-09,
              0.9752471446990967,
              0.2211175113916397,
              0.8623583316802979
            ],
            [
              0.0,
              0.0,
              0.0,
              1.0
            ]
          ],
          "camera_intrinsics": [
            [
              1111.111111111111,
              0,
              400.0
            ],
            [
              0.0,
              1111.111111111111,
              400.0
            ],
            [
              0.0,
              0.0,
              1.0
            ]
          ]
        }
      ],
      "total_available": 100,
      "selected": 4
    }
  }
}