{
  "object_name": "sapien_fridge_10905",
  "states": {
    "start": {
      "cameras": [
        {
          "view_id": "0012",
          "pose_c2w": [
            [
              0.3060835599899292,
              0.30909398198127747,
              -0.9004297256469727,
              -2.701289415359497
            ],
            [
              -0.9520047307014465,
              0.09937827289104462,
              -0.289501428604126,
              -0.8685043454170227
            ],
            [
              0.0,
              0.9458249807357788,
              0.3246769607067108,
              0.9740309715270996
            ],
            [
              0.0,
              0.0,
              0.0,
              1.0
            ]
          ],
          "camera_intrinsics": [
            [
              1111.111111111111,
              0,
              400.0
            ],
            [
              0.0,
              1111.111111111111,
              400.0
            ],
            [
              0.0,
              0.0,
              1.0
            ]
          ]
        },
        {
          "view_id": "0037",
          "pose_c2w": [
            [
              0.593605101108551,
              0.6155351400375366,
              -0.5184105634689331,
              -1.5552315711975098
            ],
            [
              -0.8047565221786499,
              0.45403149724006653,
              -0.3823903799057007,
              -1.147171139717102
            ],
            [
              0.0,
              0.6441830992698669,
              0.7648712992668152,
              2.294613838195801
            ],
            [
              0.0,
              0.0,
              0.0,
              1.0
            ]
          ],
          "camera_intrinsics": [
            [
              1111.111111111111,
              0,
              400.0
            ],
            [
              0.0,
              1111.111111111111,
              400.0
            ],
            [
              0.0,
              0.0,
              1.0
            ]
          ]
        },
        {
          "view_id": "0062",
          "pose_c2w": [
            [
              -0.04794708639383316,
              -0.8301751017570496,
              0.5554372668266296,
              1.6663117408752441
            ],
            [
              0.9988498687744141,
              -0.03985031321644783,
              0.02666226588189602,
              0.07998679578304291
            ],
            [
              0.0,
              0.5560768246650696,
              0.8311309218406677,
              2.4933927059173584
            ],
            [
              0.0,
              0.0,
              0.0,
              1.0
            ]
          ],
          "camera_intrinsics": [
            [
              1111.111111111111,
              0,
              400.0
            ],
            [
              0.0,
              1111.111111111111,
              400.0
            ],
            [
              0.0,
              0.0,
              1.0
            ]
          ]
        },
        {
          "view_id": "0087",
          "pose_c2w": [
            [
              -0.07220601290464401,
              -0.7044106721878052,
              0.706110417842865,
              2.11833119392395
            ],
            [
              0.9973897933959961,
              -0.05099579691886902,
              0.05111885070800781,
              0.15335655212402344
            ],
            [
              0.0,
              0.7079583406448364,
              0.7062541842460632,
              2.118762493133545
            ],
            [
              0.0,
              0.0,
              0.0,
              1.0
            ]
          ],
          "camera_intrinsics": [
            [
              1111.111111111111,
              0,
              400.0
            ],
            [
              0.0,
              1111.111111111111,
              400.0
            ],
            [
              0.0,
              0.0,
              1.0
            ]
          ]
        }
      ],
      "total_available": 100,
      "selected": 4
    },
    "end": {
      "cameras": [
        {
          "view_id": "0012",
          "pose_c2w": [
            [
              0.6473305225372314,
              -0.29308414459228516,
              0.703608512878418,
              1.7590211629867554
            ],
            [
              0.762209415435791,
              0.24891099333763123,
              -0.5975618362426758,
              -1.4939044713974
            ],
            [
              0.0,
              0.9231169819831848,
              0.38451915979385376,
              0.9612978100776672
            ],
            [
              0.0,
              0.0,
              0.0,
              1.0
            ]
          ],
          "camera_intrinsics": [
            [
              1111.111111111111,
              0,
              400.0
            ],
            [
              0.0,
              1111.111111111111,
              400.0
            ],
            [
              0.0,
              0.0,
              1.0
            ]
          ]
        },
        {
          "view_id": "0037",
          "pose_c2w": [
            [
              -0.6868154406547546,
              -0.30861860513687134,
              0.6580570936203003,
              1.645142674446106
            ],
            [
              0.72683185338974,
              -0.29162734746932983,
              0.6218271255493164,
              1.554567813873291
            ],
            [
              2.9802322387695312e-08,
              0.9053772687911987,
              0.4246079921722412,
              1.061519980430603
            ],
            [
              0.0,
              0.0,
              0.0,
              1.0
            ]
          ],
          "camera_intrinsics": [
            [
              1111.111111111111,
              0,
              400.0
            ],
            [
              0.0,
              1111.111111111111,
              400.0
            ],
            [
              0.0,
              0.0,
              1.0
            ]
          ]
        },
        {
          "view_id": "0062",
          "pose_c2w": [
            [
              -0.9911509156227112,
              0.0797622799873352,
              -0.10610275715589523,
              -0.2652568817138672
            ],
            [
              -0.13273964822292328,
              -0.5955753326416016,
              0.7922564744949341,
              1.9806411266326904
            ],
            [
              0.0,
              0.7993296980857849,
              0.6008927226066589,
              1.5022317171096802
            ],
            [
              0.0,
              0.0,
              0.0,
              1.0
            ]
          ],
          "camera_intrinsics": [
            [
              1111.111111111111,
              0,
              400.0
            ],
            [
              0.0,
              1111.111111111111,
              400.0
            ],
            [
              0.0,
              0.0,
              1.0
            ]
          ]
        },
        {
          "view_id": "0087",
          "pose_c2w": [
            [
              0.9923691153526306,
              -0.023210864514112473,
              0.12109853327274323,
              0.30274632573127747
            ],
            [
              0.1233028694987297,
              0.18680621683597565,
              -0.9746280908584595,
              -2.436570167541504
            ],
            [
              1.862645149230957e-09,
              0.982122540473938,
              0.18824267387390137,
              0.4706066846847534
            ],
            [
              0.0,
              0.0,
              0.0,
              1.0
            ]
          ],
          "camera_intrinsics": [
            [
              1111.111111111111,
              0,
              400.0
            ],
            [
              0.0,
              1111.111111111111,
              400.0
            ],
            [
              0.0,
              0.0,
              1.0
            ]
          ]
        }
      ],
      "total_available": 100,
      "selected": 4
    }
  }
}