{
  "object_name": "sapien_washer_103776",
  "states": {
    "start": {
      "cameras": [
        {
          "view_id": "0012",
          "pose_c2w": [
            [
              -0.8473681211471558,
              -0.3385504484176636,
              0.4090854525566101,
              1.472707748413086
            ],
            [
              0.5310060381889343,
              -0.540251612663269,
              0.6528098583221436,
              2.3501155376434326
            ],
            [
              0.0,
              0.7703970670700073,
              0.6375643610954285,
              2.295231819152832
            ],
            [
              0.0,
              0.0,
              0.0,
              1.0
            ]
          ],
          "camera_intrinsics": [
            [
              1111.111111111111,
              0,
              400.0
            ],
            [
              0.0,
              1111.111111111111,
              400.0
            ],
            [
              0.0,
              0.0,
              1.0
            ]
          ]
        },
        {
          "view_id": "0037",
          "pose_c2w": [
            [
              -0.9788818359375,
              0.08399927616119385,
              -0.18637235462665558,
              -0.6709404587745667
            ],
            [
              -0.20442736148834229,
              -0.4022229313850403,
              0.8924271464347839,
              3.212737560272217
            ],
            [
              0.0,
              0.9116801619529724,
              0.4109005033969879,
              1.4792417287826538
            ],
            [
              0.0,
              0.0,
              0.0,
              1.0
            ]
          ],
          "camera_intrinsics": [
            [
              1111.111111111111,
              0,
              400.0
            ],
            [
              0.0,
              1111.111111111111,
              400.0
            ],
            [
              0.0,
              0.0,
              1.0
            ]
          ]
        },
        {
          "view_id": "0062",
          "pose_c2w": [
            [
              0.9230507612228394,
              -0.3005245327949524,
              0.240130215883255,
              0.8644688129425049
            ],
            [
              0.3846784830093384,
              0.7211201190948486,
              -0.5762016177177429,
              -2.0743260383605957
            ],
            [
              0.0,
              0.6242361068725586,
              0.7812356352806091,
              2.812448501586914
            ],
            [
              0.0,
              0.0,
              0.0,
              1.0
            ]
          ],
          "camera_intrinsics": [
            [
              1111.111111111111,
              0,
              400.0
            ],
            [
              0.0,
              1111.111111111111,
              400.0
            ],
            [
              0.0,
              0.0,
              1.0
            ]
          ]
        },
        {
          "view_id": "0087",
          "pose_c2w": [
            [
              -0.7428065538406372,
              0.026305533945560455,
              -0.6689891815185547,
              -2.4083609580993652
            ],
            [
              -0.6695061326026917,
              -0.029185576364398003,
              0.7422329783439636,
              2.6720385551452637
            ],
            [
              0.0,
              0.9992278814315796,
              0.03929095342755318,
              0.14144742488861084
            ],
            [
              0.0,
              0.0,
              0.0,
              1.0
            ]
          ],
          "camera_intrinsics": [
            [
              1111.111111111111,
              0,
              400.0
            ],
            [
              0.0,
              1111.111111111111,
              400.0
            ],
            [
              0.0,
              0.0,
              1.0
            ]
          ]
        }
      ],
      "total_available": 100,
      "selected": 4
    },
    "end": {
      "cameras": [
        {
          "view_id": "0012",
          "pose_c2w": [
            [
              -0.38511237502098083,
              0.6819105744361877,
              -0.6218412518501282,
              -2.238628387451172
            ],
            [
              -0.9228698015213013,
              -0.2845603823661804,
              0.25949352979660034,
              0.9341766834259033
            ],
            [
              0.0,
              0.6738125085830688,
              0.7389023303985596,
              2.660048246383667
            ],
            [
              0.0,
              0.0,
              0.0,
              1.0
            ]
          ],
          "camera_intrinsics": [
            [
              1111.111111111111,
              0,
              400.0
            ],
            [
              0.0,
              1111.111111111111,
              400.0
            ],
            [
              0.0,
              0.0,
              1.0
            ]
          ]
        },
        {
          "view_id": "0037",
          "pose_c2w": [
            [
              -0.9202503561973572,
              0.031662467867136,
              -0.3900472819805145,
              -1.4041701555252075
            ],
            [
              -0.3913303017616272,
              -0.07445729523897171,
              0.9172332286834717,
              3.302039384841919
            ],
            [
              1.862645149230957e-09,
              0.9967214465141296,
              0.0809098333120346,
              0.29127538204193115
            ],
            [
              0.0,
              0.0,
              0.0,
              1.0
            ]
          ],
          "camera_intrinsics": [
            [
              1111.111111111111,
              0,
              400.0
            ],
            [
              0.0,
              1111.111111111111,
              400.0
            ],
            [
              0.0,
              0.0,
              1.0
            ]
          ]
        },
        {
          "view_id": "0062",
          "pose_c2w": [
            [
              0.900785505771637,
              0.037889476865530014,
              -0.432608425617218,
              -1.5573904514312744
            ],
            [
              -0.43426454067230225,
              0.07859332114458084,
              -0.8973502516746521,
              -3.2304611206054688
            ],
            [
              0.0,
              0.996186375617981,
              0.0872497707605362,
              0.31409919261932373
            ],
            [
              0.0,
              0.0,
              0.0,
              1.0
            ]
          ],
          "camera_intrinsics": [
            [
              1111.111111111111,
              0,
              400.0
            ],
            [
              0.0,
              1111.111111111111,
              400.0
            ],
            [
              0.0,
              0.0,
              1.0
            ]
          ]
        },
        {
          "view_id": "0087",
          "pose_c2w": [
            [
              -0.3851684033870697,
              0.1766306757926941,
              -0.9057852625846863,
              -3.26082706451416
            ],
            [
              -0.9228463172912598,
              -0.07372034341096878,
              0.3780476152896881,
              1.360971450805664
            ],
            [
              7.450580596923828e-09,
              0.9815126061439514,
              0.19139772653579712,
              0.6890318393707275
            ],
            [
              0.0,
              0.0,
              0.0,
              1.0
            ]
          ],
          "camera_intrinsics": [
            [
              1111.111111111111,
              0,
              400.0
            ],
            [
              0.0,
              1111.111111111111,
              400.0
            ],
            [
              0.0,
              0.0,
              1.0
            ]
          ]
        }
      ],
      "total_available": 100,
      "selected": 4
    }
  }
}