{
  "object_name": "sapien_USB_100109",
  "states": {
    "start": {
      "cameras": [
        {
          "view_id": "0012",
          "pose_c2w": [
            [
              0.8744339942932129,
              0.06408465653657913,
              -0.4808933436870575,
              -1.5869481563568115
            ],
            [
              -0.48514461517333984,
              0.11550742387771606,
              -0.866771399974823,
              -2.8603458404541016
            ],
            [
              7.450581485102248e-09,
              0.9912371635437012,
              0.13209392130374908,
              0.4359099864959717
            ],
            [
              0.0,
              0.0,
              0.0,
              1.0
            ]
          ],
          "camera_intrinsics": [
            [
              1111.111111111111,
              0,
              400.0
            ],
            [
              0.0,
              1111.111111111111,
              400.0
            ],
            [
              0.0,
              0.0,
              1.0
            ]
          ]
        },
        {
          "view_id": "0037",
          "pose_c2w": [
            [
              -0.26604554057121277,
              -0.22105683386325836,
              0.9382716417312622,
              3.0962963104248047
            ],
            [
              0.9639605283737183,
              -0.061009958386421204,
              0.25895562767982483,
              0.8545535206794739
            ],
            [
              3.725290298461914e-09,
              0.9733507633209229,
              0.2293214648962021,
              0.756760835647583
            ],
            [
              0.0,
              0.0,
              0.0,
              1.0
            ]
          ],
          "camera_intrinsics": [
            [
              1111.111111111111,
              0,
              400.0
            ],
            [
              0.0,
              1111.111111111111,
              400.0
            ],
            [
              0.0,
              0.0,
              1.0
            ]
          ]
        },
        {
          "view_id": "0062",
          "pose_c2w": [
            [
              -0.9794930219650269,
              0.028300590813159943,
              -0.19948065280914307,
              -0.6582862138748169
            ],
            [
              -0.20147821307182312,
              -0.13758426904678345,
              0.9697819352149963,
              3.2002806663513184
            ],
            [
              1.862645371275562e-09,
              0.9900856614112854,
              0.14046478271484375,
              0.46353381872177124
            ],
            [
              0.0,
              0.0,
              0.0,
              1.0
            ]
          ],
          "camera_intrinsics": [
            [
              1111.111111111111,
              0,
              400.0
            ],
            [
              0.0,
              1111.111111111111,
              400.0
            ],
            [
              0.0,
              0.0,
              1.0
            ]
          ]
        },
        {
          "view_id": "0087",
          "pose_c2w": [
            [
              -0.5195761919021606,
              -0.047457776963710785,
              0.8531051874160767,
              2.815247058868408
            ],
            [
              0.8544241786003113,
              -0.02885911986231804,
              0.5187740921974182,
              1.7119543552398682
            ],
            [
              0.0,
              0.9984562993049622,
              0.05554358661174774,
              0.18329383432865143
            ],
            [
              0.0,
              0.0,
              0.0,
              1.0
            ]
          ],
          "camera_intrinsics": [
            [
              1111.111111111111,
              0,
              400.0
            ],
            [
              0.0,
              1111.111111111111,
              400.0
            ],
            [
              0.0,
              0.0,
              1.0
            ]
          ]
        }
      ],
      "total_available": 100,
      "selected": 4
    },
    "end": {
      "cameras": [
        {
          "view_id": "0012",
          "pose_c2w": [
            [
              -0.992414116859436,
              0.04467955604195595,
              -0.11453408747911453,
              -0.37796247005462646
            ],
            [
              -0.1229403167963028,
              -0.360667884349823,
              0.9245563745498657,
              3.0510358810424805
            ],
            [
              0.0,
              0.9316235780715942,
              0.36342477798461914,
              1.1993017196655273
            ],
            [
              0.0,
              0.0,
              0.0,
              1.0
            ]
          ],
          "camera_intrinsics": [
            [
              1111.111111111111,
              0,
              400.0
            ],
            [
              0.0,
              1111.111111111111,
              400.0
            ],
            [
              0.0,
              0.0,
              1.0
            ]
          ]
        },
        {
          "view_id": "0037",
          "pose_c2w": [
            [
              0.4475362002849579,
              -0.6887494921684265,
              0.5703819394111633,
              1.8822603225708008
            ],
            [
              0.89426589012146,
              0.3446853458881378,
              -0.28544819355010986,
              -0.9419789910316467
            ],
            [
              0.0,
              0.6378214359283447,
              0.7701842784881592,
              2.5416080951690674
            ],
            [
              0.0,
              0.0,
              0.0,
              1.0
            ]
          ],
          "camera_intrinsics": [
            [
              1111.111111111111,
              0,
              400.0
            ],
            [
              0.0,
              1111.111111111111,
              400.0
            ],
            [
              0.0,
              0.0,
              1.0
            ]
          ]
        },
        {
          "view_id": "0062",
          "pose_c2w": [
            [
              0.6302749514579773,
              -0.4461297392845154,
              0.6353909373283386,
              2.096790313720703
            ],
            [
              0.7763720750808716,
              0.36217743158340454,
              -0.5158236026763916,
              -1.7022180557250977
            ],
            [
              -1.4901162970204496e-08,
              0.8184104561805725,
              0.5746340155601501,
              1.8962924480438232
            ],
            [
              0.0,
              0.0,
              0.0,
              1.0
            ]
          ],
          "camera_intrinsics": [
            [
              1111.111111111111,
              0,
              400.0
            ],
            [
              0.0,
              1111.111111111111,
              400.0
            ],
            [
              0.0,
              0.0,
              1.0
            ]
          ]
        },
        {
          "view_id": "0087",
          "pose_c2w": [
            [
              -0.7989699840545654,
              -0.3673669397830963,
              0.4761182367801666,
              1.5711901187896729
            ],
            [
              0.6013709902763367,
              -0.48807668685913086,
              0.6325615644454956,
              2.0874531269073486
            ],
            [
              0.0,
              0.7917213439941406,
              0.6108824610710144,
              2.0159120559692383
            ],
            [
              0.0,
              0.0,
              0.0,
              1.0
            ]
          ],
          "camera_intrinsics": [
            [
              1111.111111111111,
              0,
              400.0
            ],
            [
              0.0,
              1111.111111111111,
              400.0
            ],
            [
              0.0,
              0.0,
              1.0
            ]
          ]
        }
      ],
      "total_available": 100,
      "selected": 4
    }
  }
}