{"K": [[1111.111111111111, 0, 400.0], [0.0, 1111.111111111111, 400.0], [0.0, 0.0, 1.0]], "0000": [[0.9973645210266113, 0.002440840471535921, -0.07251270115375519, -0.23929190635681152], [-0.07255376875400543, 0.03355315327644348, -0.9968000054359436, -3.2894399166107178], [0.0, 0.9994339346885681, 0.03364181891083717, 0.11101800203323364], [0.0, 0.0, 0.0, 1.0]], "0001": [[0.5172785520553589, 0.19168858230113983, -0.8340734243392944, -2.7524421215057373], [-0.8558171391487122, 0.11586165428161621, -0.5041360855102539, -1.663649082183838], [0.0, 0.9745929837226868, 0.22398313879966736, 0.7391443252563477], [0.0, 0.0, 0.0, 1.0]], "0002": [[0.9556220769882202, -0.07583732157945633, 0.28466683626174927, 0.9394004940986633], [0.29459547996520996, 0.24600449204444885, -0.9234150648117065, -3.047269582748413], [7.450580596923828e-09, 0.9662972688674927, 0.25742867588996887, 0.8495146036148071], [0.0, 0.0, 0.0, 1.0]], "0003": [[-0.022755645215511322, -0.7428125143051147, 0.6691126823425293, 2.208071708679199], [0.9997410774230957, -0.016907555982470512, 0.015230034478008747, 0.05025911331176758], [0.0, 0.6692858934402466, 0.7430049180984497, 2.451916217803955], [0.0, 0.0, 0.0, 1.0]], "0004": [[-0.7373120784759521, -0.30311718583106995, 0.6037308573722839, 1.992311716079712], [0.6755523681640625, -0.3308284878730774, 0.6589245796203613, 2.1744511127471924], [0.0, 0.8936848044395447, 0.4486953318119049, 1.4806945323944092], [0.0, 0.0, 0.0, 1.0]], "0005": [[-0.6556729674339294, -0.0136997289955616, -0.7549207210540771, -2.491238594055176], [-0.7550451159477234, 0.01189669780433178, 0.6555650234222412, 2.1633646488189697], [9.31322685637781e-10, 0.9998353719711304, -0.01814425364136696, -0.05987603962421417], [0.0, 0.0, 0.0, 1.0]], "0006": [[-0.8347006440162659, 0.25572532415390015, -0.4877287745475769, -1.6095049381256104], [-0.5507038831710815, -0.387602299451828, 0.7392494082450867, 2.4395229816436768], [0.0, 0.8856460452079773, 0.4643608331680298, 1.5323907136917114], [0.0, 0.0, 0.0, 1.0]], "0007": [[-0.17859438061714172, 0.44383710622787476, -0.8781301975250244, -2.89782977104187], [-0.9839227795600891, -0.0805620327591896, 0.15939170122146606, 0.5259926319122314], [-7.450580596923828e-09, 0.8924787640571594, 0.45108935236930847, 1.4885950088500977], [0.0, 0.0, 0.0, 1.0]], "0008": [[0.9999877214431763, -0.0033340160734951496, 0.0036671669222414494, 0.01210165023803711], [0.0049561853520572186, 0.6726897358894348, -0.7399080991744995, -2.4416966438293457], [0.0, 0.7399172186851501, 0.6726980209350586, 2.2199034690856934], [0.0, 0.0, 0.0, 1.0]], "0009": [[-0.9982647895812988, 0.009957206435501575, -0.058037448674440384, -0.19152355194091797], [-0.05888541415333748, -0.1688012182712555, 0.9838895797729492, 3.246835231781006], [0.0, 0.9855997562408447, 0.16909463703632355, 0.5580122470855713], [0.0, 0.0, 0.0, 1.0]], "0010": [[0.6163032054901123, -0.30074888467788696, 0.7278189659118652, 2.4018027782440186], [0.7875089645385742, 0.2353655844926834, -0.5695899128913879, -1.879646897315979], [-1.4901161193847656e-08, 0.9242041110992432, 0.3818989396095276, 1.2602665424346924], [0.0, 0.0, 0.0, 1.0]], "0011": [[-0.16032752394676208, -0.7690154314041138, 0.6187975406646729, 2.042031764984131], [0.9870639443397522, -0.12491019070148468, 0.10051048547029495, 0.33168458938598633], [7.450580596923828e-09, 0.6269073486328125, 0.7790939211845398, 2.571009874343872], [0.0, 0.0, 0.0, 1.0]], "0012": [[0.8744339942932129, 0.06408465653657913, -0.4808933436870575, -1.5869481563568115], [-0.48514461517333984, 0.11550742387771606, -0.866771399974823, -2.8603458404541016], [7.450581485102248e-09, 0.9912371635437012, 0.13209392130374908, 0.4359099864959717], [0.0, 0.0, 0.0, 1.0]], "0013": [[-0.19876858592033386, -0.2101583182811737, 0.9572484493255615, 3.1589198112487793], [0.9800464510917664, -0.042623359709978104, 0.19414480030536652, 0.640677809715271], [0.0, 0.9767377376556396, 0.21443714201450348, 0.7076425552368164], [0.0, 0.0, 0.0, 1.0]], "0014": [[0.8917865753173828, -0.14262254536151886, 0.4293896555900574, 1.4169858694076538], [0.4524562358856201, 0.2811075448989868, -0.8463225364685059, -2.7928643226623535], [0.0, 0.9490191340446472, 0.31521841883659363, 1.0402207374572754], [0.0, 0.0, 0.0, 1.0]], "0015": [[-0.9772791862487793, 0.11856821924448013, -0.17569001019001007, -0.5797770023345947], [-0.21195611357688904, -0.5466898083686829, 0.8100647926330566, 2.6732137203216553], [0.0, 0.828898012638092, 0.5593998432159424, 1.8460193872451782], [0.0, 0.0, 0.0, 1.0]], "0016": [[0.9506567120552063, -0.20061710476875305, 0.2366529107093811, 0.7809545993804932], [0.31024476885795593, 0.6147339940071106, -0.7251554727554321, -2.3930130004882812], [0.0, 0.7627941966056824, 0.6466413736343384, 2.1339163780212402], [0.0, 0.0, 0.0, 1.0]], "0017": [[-0.5573880672454834, 0.41751962900161743, -0.7176322340965271, -2.3681859970092773], [-0.8302520513534546, -0.28030094504356384, 0.4817809462547302, 1.5898768901824951], [0.0, 0.8643544912338257, 0.5028830170631409, 1.6595137119293213], [0.0, 0.0, 0.0, 1.0]], "0018": [[-0.6622521877288818, -0.17441432178020477, 0.7286986708641052, 2.40470552444458], [0.7492810487747192, -0.15415611863136292, 0.6440604329109192, 2.125399351119995], [-7.4505797087454084e-09, 0.9725305438041687, 0.23277555406093597, 0.7681593298912048], [0.0, 0.0, 0.0, 1.0]], "0019": [[0.9696077108383179, 0.15139366686344147, -0.19220024347305298, -0.6342607736587524], [-0.2446650266647339, 0.5999732613563538, -0.7616897225379944, -2.513576030731201], [7.450580596923828e-09, 0.7855647802352905, 0.6187793612480164, 2.0419719219207764], [0.0, 0.0, 0.0, 1.0]], "0020": [[-0.9756274819374084, 0.16472786664962769, -0.14496830105781555, -0.47839537262916565], [-0.21943354606628418, -0.732399582862854, 0.6445462107658386, 2.127002477645874], [0.0, 0.6606478691101074, 0.7506959438323975, 2.4772965908050537], [0.0, 0.0, 0.0, 1.0]], "0021": [[0.6211773157119751, 0.4730040431022644, -0.6248246431350708, -2.0619213581085205], [-0.7836700677871704, 0.37492743134498596, -0.4952682554721832, -1.6343852281570435], [1.4901162970204496e-08, 0.797305703163147, 0.603575587272644, 1.9917994737625122], [0.0, 0.0, 0.0, 1.0]], "0022": [[-0.8438183665275574, -0.4209921061992645, 0.3327706456184387, 1.0981431007385254], [0.5366290211677551, -0.6619859337806702, 0.5232627391815186, 1.7267670631408691], [0.0, 0.6201130151748657, 0.784512460231781, 2.58889102935791], [0.0, 0.0, 0.0, 1.0]], "0023": [[0.8277664184570312, 0.24769125878810883, -0.5034400820732117, -1.661352276802063], [-0.5610730051994324, 0.3654257357120514, -0.7427389621734619, -2.4510385990142822], [1.4901162970204496e-08, 0.8972808718681335, 0.4414600133895874, 1.4568179845809937], [0.0, 0.0, 0.0, 1.0]], "0024": [[0.9836165904998779, 0.019339222460985184, -0.1792333424091339, -0.5914700031280518], [-0.18027368187904358, 0.10551944375038147, -0.9779402017593384, -3.2272026538848877], [0.0, 0.9942291378974915, 0.1072770208120346, 0.35401415824890137], [0.0, 0.0, 0.0, 1.0]], "0025": [[0.9559493064880371, 0.21904639899730682, -0.1953962743282318, -0.6448076963424683], [-0.29353198409080505, 0.7133711576461792, -0.6363494396209717, -2.0999531745910645], [1.4901161193847656e-08, 0.6656728982925415, 0.7462436556816101, 2.46260404586792], [0.0, 0.0, 0.0, 1.0]], "0026": [[0.9666783809661865, -0.11998355388641357, 0.22613489627838135, 0.746245265007019], [0.2559942603111267, 0.4530785381793976, -0.8539242744445801, -2.817950487136841], [0.0, 0.8833593130111694, 0.468696266412735, 1.546697974205017], [0.0, 0.0, 0.0, 1.0]], "0027": [[-0.9102851748466492, 0.015112467110157013, -0.4137060046195984, -1.365229606628418], [-0.41398191452026367, -0.03323008865118027, 0.9096784591674805, 3.001938581466675], [-1.862645149230957e-09, 0.9993334412574768, 0.036505140364170074, 0.12046694755554199], [0.0, 0.0, 0.0, 1.0]], "0028": [[-0.9356405735015869, 0.2592852711677551, -0.23947443068027496, -0.790265679359436], [-0.3529545068740845, -0.6873345375061035, 0.6348183155059814, 2.094900608062744], [0.0, 0.6784853339195251, 0.7346139550209045, 2.4242262840270996], [0.0, 0.0, 0.0, 1.0]], "0029": [[-0.6898978352546692, 0.47310569882392883, -0.5479161143302917, -1.8081231117248535], [-0.7239068150520325, -0.45087930560112, 0.522175133228302, 1.7231777906417847], [-1.4901161193847656e-08, 0.7568876147270203, 0.653545081615448, 2.156698703765869], [0.0, 0.0, 0.0, 1.0]], "0030": [[0.9997763633728027, 0.015169097110629082, -0.014736363664269447, -0.0486299991607666], [-0.021148568019270897, 0.717103123664856, -0.6966460943222046, -2.2989320755004883], [9.31322685637781e-10, 0.6968019008636475, 0.7172635793685913, 2.3669698238372803], [0.0, 0.0, 0.0, 1.0]], "0031": [[0.07140278816223145, -0.4048324227333069, 0.911598801612854, 3.0082759857177734], [0.9974476099014282, 0.028980134055018425, -0.06525725871324539, -0.2153489589691162], [-1.862645149230957e-09, 0.9139316082000732, 0.4058683514595032, 1.3393654823303223], [0.0, 0.0, 0.0, 1.0]], "0032": [[0.8008943200111389, 0.3003304898738861, -0.5180444717407227, -1.7095465660095215], [-0.5988059043884277, 0.4016876816749573, -0.6928769946098328, -2.2864937782287598], [-1.4901162970204496e-08, 0.8651291728019714, 0.5015490651130676, 1.6551117897033691], [0.0, 0.0, 0.0, 1.0]], "0033": [[0.6905632019042969, -0.18534691631793976, 0.6991201043128967, 2.307096481323242], [0.7232720255851746, 0.1769649088382721, -0.6675035357475281, -2.2027618885040283], [0.0, 0.966607391834259, 0.2562616765499115, 0.8456635475158691], [0.0, 0.0, 0.0, 1.0]], "0034": [[0.9407616853713989, -0.2583540081977844, 0.21959204971790314, 0.7246537208557129], [0.33906853199005127, 0.7168154716491699, -0.6092686057090759, -2.0105862617492676], [0.0, 0.6476331949234009, 0.7619522213935852, 2.514442205429077], [0.0, 0.0, 0.0, 1.0]], "0035": [[-0.7219741344451904, -0.5470898747444153, 0.42361077666282654, 1.3979154825210571], [0.6919201016426086, -0.5708531141281128, 0.4420106112957001, 1.4586349725723267], [0.0, 0.6122249960899353, 0.7906835675239563, 2.609255790710449], [0.0, 0.0, 0.0, 1.0]], "0036": [[-0.8117014169692993, 0.3725816309452057, -0.4498041570186615, -1.4843536615371704], [-0.5840726494789124, -0.5177866816520691, 0.6251049041748047, 2.0628461837768555], [0.0, 0.7701168656349182, 0.6379028558731079, 2.105079412460327], [0.0, 0.0, 0.0, 1.0]], "0037": [[-0.26604554057121277, -0.22105683386325836, 0.9382716417312622, 3.0962963104248047], [0.9639605283737183, -0.061009958386421204, 0.25895562767982483, 0.8545535206794739], [3.725290298461914e-09, 0.9733507633209229, 0.2293214648962021, 0.756760835647583], [0.0, 0.0, 0.0, 1.0]], "0038": [[-0.6780840158462524, -0.4458395540714264, 0.5843194127082825, 1.9282541275024414], [0.7349843978881836, -0.4113239347934723, 0.5390830636024475, 1.7789742946624756], [0.0, 0.7950093150138855, 0.6065972447395325, 2.0017709732055664], [0.0, 0.0, 0.0, 1.0]], "0039": [[-0.9368904232978821, 0.06358244270086288, -0.3437930643558502, -1.1345171928405762], [-0.34962326288223267, -0.1703827977180481, 0.9212671518325806, 3.040181875228882], [-7.450581485102248e-09, 0.9833244681358337, 0.18185989558696747, 0.6001377105712891], [0.0, 0.0, 0.0, 1.0]], "0040": [[0.9030516147613525, -0.20160573720932007, 0.3792795240879059, 1.2516224384307861], [0.4295320510864258, 0.4238574802875519, -0.7974002361297607, -2.631420612335205], [0.0, 0.8830062747001648, 0.4693613052368164, 1.5488922595977783], [0.0, 0.0, 0.0, 1.0]], "0041": [[0.3175875246524811, 0.6151318550109863, -0.7216306924819946, -2.3813815116882324], [-0.9482289552688599, 0.20602428913116455, -0.2416936457157135, -0.7975890636444092], [-1.4901162970204496e-08, 0.7610300183296204, 0.6487166285514832, 2.1407649517059326], [0.0, 0.0, 0.0, 1.0]], "0042": [[0.9042895436286926, 0.12776339054107666, -0.40735355019569397, -1.344266653060913], [-0.4269196391105652, 0.27062490582466125, -0.8628451824188232, -2.847388982772827], [-7.450580596923828e-09, 0.9541690945625305, 0.2992680072784424, 0.9875843524932861], [0.0, 0.0, 0.0, 1.0]], "0043": [[-0.9402278065681458, 0.1163344457745552, -0.3200593888759613, -1.0561959743499756], [-0.340546190738678, -0.3211924731731415, 0.8836649656295776, 2.9160943031311035], [7.450580596923828e-09, 0.9398413300514221, 0.3416113555431366, 1.1273174285888672], [0.0, 0.0, 0.0, 1.0]], "0044": [[-0.23185980319976807, -0.18747717142105103, 0.9545121192932129, 3.1498899459838867], [0.9727492928504944, -0.044686149805784225, 0.2275128811597824, 0.7507925033569336], [0.0, 0.9812518954277039, 0.19272923469543457, 0.6360064744949341], [0.0, 0.0, 0.0, 1.0]], "0045": [[-0.9254931211471558, 0.2659747302532196, -0.2696664333343506, -0.8898993134498596], [-0.3787645101547241, -0.6498966217041016, 0.6589171886444092, 2.174426794052124], [2.9802322387695312e-08, 0.7119633555412292, 0.702216625213623, 2.317315101623535], [0.0, 0.0, 0.0, 1.0]], "0046": [[-0.9821075797080994, -0.027208713814616203, 0.18634536862373352, 0.6149396896362305], [0.1883213073015213, -0.14189516007900238, 0.9718028903007507, 3.206949472427368], [-1.862645371275562e-09, 0.9895076155662537, 0.14448028802871704, 0.47678494453430176], [0.0, 0.0, 0.0, 1.0]], "0047": [[0.6615177392959595, 0.38644319772720337, -0.6426942944526672, -2.1208908557891846], [-0.7499295473098755, 0.34088408946990967, -0.5669248700141907, -1.8708518743515015], [0.0, 0.8570061922073364, 0.5153060555458069, 1.700509786605835], [0.0, 0.0, 0.0, 1.0]], "0048": [[-0.958966076374054, 0.004388735163956881, 0.28348711133003235, 0.9355074763298035], [0.2835210859775543, 0.014844215475022793, 0.958851158618927, 3.1642086505889893], [0.0, 0.9998801946640015, -0.015479398891329765, -0.05108201503753662], [0.0, 0.0, 0.0, 1.0]], "0049": [[0.8919357657432556, -0.020941095426678658, 0.4516769349575043, 1.4905338287353516], [0.45216211676597595, 0.0413084402680397, -0.8909786939620972, -2.940229654312134], [0.0, 0.9989269375801086, 0.046313244849443436, 0.1528337001800537], [0.0, 0.0, 0.0, 1.0]], "0050": [[-0.9879661798477173, -0.022876370698213577, 0.15296943485736847, 0.5047991275787354], [0.15467055141925812, -0.1461239904165268, 0.9771001935005188, 3.224430561065674], [-1.862645371275562e-09, 0.9890017509460449, 0.14790385961532593, 0.4880827069282532], [0.0, 0.0, 0.0, 1.0]], "0051": [[0.05993332713842392, -0.10532106459140778, 0.992630660533905, 3.2756810188293457], [0.998202383518219, 0.006323609501123428, -0.05959879606962204, -0.19667601585388184], [0.0, 0.994418203830719, 0.10551073402166367, 0.3481854200363159], [0.0, 0.0, 0.0, 1.0]], "0052": [[0.5761594772338867, -0.16434602439403534, 0.8006439208984375, 2.642124891281128], [0.8173372745513916, 0.11585122346878052, -0.5643919706344604, -1.8624933958053589], [0.0, 0.9795759320259094, 0.20107491314411163, 0.6635472178459167], [0.0, 0.0, 0.0, 1.0]], "0053": [[0.9857922792434692, -0.11365591734647751, 0.12367740273475647, 0.40813541412353516], [0.16796955466270447, 0.6670323014259338, -0.7258471846580505, -2.3952956199645996], [7.450581485102248e-09, 0.7363085746765137, 0.6766459345817566, 2.232931613922119], [0.0, 0.0, 0.0, 1.0]], "0054": [[0.6065459251403809, -0.030571838840842247, 0.7944604754447937, 2.6217198371887207], [0.7950485348701477, 0.023323385044932365, -0.6060972809791565, -2.0001211166381836], [0.0, 0.9992604851722717, 0.03845279663801193, 0.12689423561096191], [0.0, 0.0, 0.0, 1.0]], "0055": [[-0.6323724985122681, -0.5086489915847778, 0.584278404712677, 1.9281187057495117], [0.7746644616127014, -0.4152193069458008, 0.47695693373680115, 1.5739578008651733], [1.4901161193847656e-08, 0.7542340755462646, 0.65660560131073, 2.1667983531951904], [0.0, 0.0, 0.0, 1.0]], "0056": [[0.9223909378051758, 0.046295613050460815, -0.38347339630126953, -1.2654621601104736], [-0.38625791668891907, 0.1105547696352005, -0.915741503238678, -3.021946907043457], [0.0, 0.9927912354469299, 0.11985674500465393, 0.3955272436141968], [0.0, 0.0, 0.0, 1.0]], "0057": [[0.5307732224464417, -0.0729718953371048, 0.8443665504455566, 2.786409616470337], [0.8475139141082764, 0.04570016637444496, -0.5288020968437195, -1.745046854019165], [0.0, 0.9962863922119141, 0.08610111474990845, 0.2841336727142334], [0.0, 0.0, 0.0, 1.0]], "0058": [[-0.44708889722824097, -0.7084711790084839, 0.5460587739944458, 1.8019939661026], [0.8944895267486572, -0.3541121184825897, 0.272934228181839, 0.9006829261779785], [0.0, 0.6104696393013, 0.7920396327972412, 2.6137306690216064], [0.0, 0.0, 0.0, 1.0]], "0059": [[0.6990441679954529, -0.5456188321113586, 0.4622092843055725, 1.525290608406067], [0.7150785326957703, 0.5333843231201172, -0.45184504985809326, -1.491088628768921], [-1.4901159417490817e-08, 0.6463755369186401, 0.7630194425582886, 2.5179641246795654], [0.0, 0.0, 0.0, 1.0]], "0060": [[-0.7947583198547363, -0.3792325556278229, 0.4738585650920868, 1.5637333393096924], [0.6069261431694031, -0.49659788608551025, 0.6205088496208191, 2.0476794242858887], [0.0, 0.780751645565033, 0.6248413920402527, 2.061976671218872], [0.0, 0.0, 0.0, 1.0]], "0061": [[0.6870277523994446, 0.11425597965717316, -0.717592179775238, -2.368054151535034], [-0.726631224155426, 0.10802869498729706, -0.6784813404083252, -2.2389883995056152], [0.0, 0.9875603318214417, 0.15724067389965057, 0.5188941955566406], [0.0, 0.0, 0.0, 1.0]], "0062": [[-0.9794930219650269, 0.028300590813159943, -0.19948065280914307, -0.6582862138748169], [-0.20147821307182312, -0.13758426904678345, 0.9697819352149963, 3.2002806663513184], [1.862645371275562e-09, 0.9900856614112854, 0.14046478271484375, 0.46353381872177124], [0.0, 0.0, 0.0, 1.0]], "0063": [[0.9737281203269958, -0.17176072299480438, 0.14950506389141083, 0.49336671829223633], [0.22771362960338593, 0.7344673871994019, -0.6392998099327087, -2.109689235687256], [0.0, 0.6565485596656799, 0.7542837858200073, 2.4891364574432373], [0.0, 0.0, 0.0, 1.0]], "0064": [[0.8332726955413818, 0.2863423824310303, -0.47293198108673096, -1.5606755018234253], [-0.5528622269630432, 0.43157461285591125, -0.7128020524978638, -2.3522467613220215], [0.0, 0.855424702167511, 0.5179271697998047, 1.7091596126556396], [0.0, 0.0, 0.0, 1.0]], "0065": [[-0.9975275993347168, -0.027785062789916992, 0.06455092877149582, 0.21301805973052979], [0.07027682662010193, -0.39438843727111816, 0.9162526726722717, 3.0236337184906006], [1.862645371275562e-09, 0.9185236096382141, 0.39536601305007935, 1.3047077655792236], [0.0, 0.0, 0.0, 1.0]], "0066": [[-0.3696213960647583, -0.7013282179832458, 0.609523355960846, 2.011427164077759], [0.9291825294494629, -0.2789827585220337, 0.24246354401111603, 0.800129771232605], [-1.4901162970204496e-08, 0.6559781432151794, 0.7547798752784729, 2.4907736778259277], [0.0, 0.0, 0.0, 1.0]], "0067": [[0.7177479267120361, 0.525696873664856, -0.4565969407558441, -1.5067698955535889], [-0.696303129196167, 0.5418873429298401, -0.4706593155860901, -1.553175687789917], [-2.9802322387695312e-08, 0.6557445526123047, 0.7549828886985779, 2.491443395614624], [0.0, 0.0, 0.0, 1.0]], "0068": [[0.9425450563430786, -0.0036400905810296535, -0.334059476852417, -1.1023962497711182], [-0.3340793550014496, -0.010269864462316036, -0.9424890279769897, -3.1102137565612793], [-2.3283067140944524e-10, 0.9999406337738037, -0.010895887389779091, -0.035956427454948425], [0.0, 0.0, 0.0, 1.0]], "0069": [[-0.2212565541267395, -0.6567975282669067, 0.7208762168884277, 2.3788914680480957], [0.9752156138420105, -0.14901398122310638, 0.16355212032794952, 0.5397219657897949], [7.450580596923828e-09, 0.7391967177391052, 0.6734895706176758, 2.22251558303833], [0.0, 0.0, 0.0, 1.0]], "0070": [[0.9440823197364807, -0.14781101047992706, 0.29472097754478455, 0.9725792407989502], [0.3297097980976105, 0.4232381582260132, -0.8438963294029236, -2.784857749938965], [0.0, 0.8938800096511841, 0.4483064115047455, 1.4794111251831055], [0.0, 0.0, 0.0, 1.0]], "0071": [[0.9894917011260986, 0.10550427436828613, -0.09886957705020905, -0.32626962661743164], [-0.14459027349948883, 0.7220097780227661, -0.6766058206558228, -2.2327992916107178], [0.0, 0.6837913990020752, 0.7296775579452515, 2.4079360961914062], [0.0, 0.0, 0.0, 1.0]], "0072": [[0.28507518768310547, 0.6699355244636536, -0.6855059862136841, -2.262169599533081], [-0.9585051536560059, 0.19924983382225037, -0.20388072729110718, -0.6728063821792603], [0.0, 0.715182363986969, 0.6989379525184631, 2.306495189666748], [0.0, 0.0, 0.0, 1.0]], "0073": [[0.9015473127365112, -0.26547178626060486, 0.3416682183742523, 1.1275050640106201], [0.43268054723739624, 0.553145706653595, -0.7119110822677612, -2.349306583404541], [0.0, 0.7896547317504883, 0.6135514974594116, 2.0247199535369873], [0.0, 0.0, 0.0, 1.0]], "0074": [[0.6975535750389099, -0.14517557621002197, 0.7016716003417969, 2.315516471862793], [0.7165326476097107, 0.14133024215698242, -0.6830861568450928, -2.2541844844818115], [1.4901161193847656e-08, 0.9792598485946655, 0.20260845124721527, 0.6686079502105713], [0.0, 0.0, 0.0, 1.0]], "0075": [[0.9173833727836609, -0.19522278010845184, 0.3468368947505951, 1.144561767578125], [0.39800477027893066, 0.44997990131378174, -0.7994437217712402, -2.6381642818450928], [-1.4901161193847656e-08, 0.8714392185211182, 0.49050360918045044, 1.618661880493164], [0.0, 0.0, 0.0, 1.0]], "0076": [[0.9152758717536926, 0.008447176776826382, 0.402739018201828, 1.3290387392044067], [0.4028276205062866, -0.019193068146705627, -0.9150746464729309, -3.0197463035583496], [4.656612873077393e-10, 0.9997801184654236, -0.020969709381461143, -0.06920003890991211], [0.0, 0.0, 0.0, 1.0]], "0077": [[0.9990891814231873, 0.024565503001213074, -0.034892335534095764, -0.11514472961425781], [-0.04267247021198273, 0.5751513838768005, -0.8169331550598145, -2.6958799362182617], [1.862645593320167e-09, 0.8176779747009277, 0.5756757259368896, 1.8997302055358887], [0.0, 0.0, 0.0, 1.0]], "0078": [[0.9963275194168091, -0.06416276842355728, 0.05669925734400749, 0.18710756301879883], [0.08562515676021576, 0.7465928196907043, -0.6597480177879333, -2.177168607711792], [0.0, 0.6621799468994141, 0.7493448257446289, 2.4728381633758545], [0.0, 0.0, 0.0, 1.0]], "0079": [[0.43209320306777954, 0.12798874080181122, -0.8927006125450134, -2.9459118843078613], [-0.9018290042877197, 0.06132322549819946, -0.4277195334434509, -1.4114744663238525], [-3.725290298461914e-09, 0.9898779392242432, 0.1419212967157364, 0.46834027767181396], [0.0, 0.0, 0.0, 1.0]], "0080": [[-0.8207882642745972, 0.425850510597229, -0.3807334303855896, -1.2564202547073364], [-0.5712325572967529, -0.6118928790092468, 0.5470653772354126, 1.8053157329559326], [0.0, 0.666512131690979, 0.7454941868782043, 2.4601306915283203], [0.0, 0.0, 0.0, 1.0]], "0081": [[0.9384310841560364, 0.15625569224357605, -0.30810943245887756, -1.016761064529419], [-0.3454667329788208, 0.42445534467697144, -0.8369531035423279, -2.7619452476501465], [1.4901161193847656e-08, 0.8918642997741699, 0.4523031413555145, 1.4926003217697144], [0.0, 0.0, 0.0, 1.0]], "0082": [[0.5777915716171265, -0.4991282820701599, 0.6457770466804504, 2.1310641765594482], [0.816184401512146, 0.35334184765815735, -0.45715710520744324, -1.5086183547973633], [-1.4901161193847656e-08, 0.791214644908905, 0.6115385890007019, 2.0180773735046387], [0.0, 0.0, 0.0, 1.0]], "0083": [[0.8026263117790222, -0.06583835184574127, 0.5928374528884888, 1.9563634395599365], [0.5964820981025696, 0.08859209716320038, -0.7977221608161926, -2.6324827671051025], [-3.7252898543727042e-09, 0.9938896894454956, 0.11037777364253998, 0.3642466068267822], [0.0, 0.0, 0.0, 1.0]], "0084": [[-0.9858291149139404, -0.106607586145401, 0.12952114641666412, 0.4274197816848755], [0.1677524894475937, -0.6264995336532593, 0.761155366897583, 2.511812686920166], [0.0, 0.7720966339111328, 0.635505199432373, 2.0971670150756836], [0.0, 0.0, 0.0, 1.0]], "0085": [[0.7565670013427734, -0.5130404829978943, 0.40545758605003357, 1.3380099534988403], [0.6539162397384644, 0.5935767889022827, -0.46910569071769714, -1.548048734664917], [-1.4901161193847656e-08, 0.6200452446937561, 0.7845661640167236, 2.5890681743621826], [0.0, 0.0, 0.0, 1.0]], "0086": [[-0.9992976784706116, 0.0015217636246234179, -0.03744226694107056, -0.12355947494506836], [-0.037473179399967194, -0.04058088734745979, 0.9984733462333679, 3.294961929321289], [0.0, 0.9991751313209534, 0.04060940444469452, 0.13401103019714355], [0.0, 0.0, 0.0, 1.0]], "0087": [[-0.5195761919021606, -0.047457776963710785, 0.8531051874160767, 2.815247058868408], [0.8544241786003113, -0.02885911986231804, 0.5187740921974182, 1.7119543552398682], [0.0, 0.9984562993049622, 0.05554358661174774, 0.18329383432865143], [0.0, 0.0, 0.0, 1.0]], "0088": [[-0.9977878928184509, -0.004344726912677288, 0.06633622199296951, 0.21890951693058014], [0.06647834926843643, -0.06521093845367432, 0.9956546425819397, 3.2856602668762207], [-4.656612873077393e-10, 0.9978620409965515, 0.06535551697015762, 0.21567320823669434], [0.0, 0.0, 0.0, 1.0]], "0089": [[-0.89308762550354, 0.20048661530017853, -0.4027402698993683, -1.3290430307388306], [-0.4498829245567322, -0.397997111082077, 0.7995021343231201, 2.638357162475586], [1.4901162970204496e-08, 0.8952113389968872, 0.44564178586006165, 1.4706180095672607], [0.0, 0.0, 0.0, 1.0]], "0090": [[-0.9951130151748657, 0.048439886420965195, -0.08604562282562256, -0.2839505672454834], [-0.0987434834241867, -0.48816555738449097, 0.8671470880508423, 2.8615856170654297], [-3.725290742551124e-09, 0.8714057803153992, 0.49056291580200195, 1.618857741355896], [0.0, 0.0, 0.0, 1.0]], "0091": [[-0.9063409566879272, -0.14123837649822235, 0.3982434868812561, 1.3142035007476807], [0.42254722118377686, -0.3029486835002899, 0.8542107343673706, 2.8188953399658203], [0.0, 0.9424827694892883, 0.3342546820640564, 1.1030404567718506], [0.0, 0.0, 0.0, 1.0]], "0092": [[-0.9973554611206055, -0.002950840163975954, 0.07261796295642853, 0.2396392822265625], [0.07267788797616959, -0.040494248270988464, 0.9965330362319946, 3.2885591983795166], [0.0, 0.9991754293441772, 0.040601614862680435, 0.13398534059524536], [0.0, 0.0, 0.0, 1.0]], "0093": [[0.652218222618103, 0.5436758399009705, -0.5282310247421265, -1.7431622743606567], [-0.7580312490463257, 0.46778446435928345, -0.4544956088066101, -1.49983549118042], [-1.4901161193847656e-08, 0.6968459486961365, 0.7172208428382874, 2.366828680038452], [0.0, 0.0, 0.0, 1.0]], "0094": [[-0.21348711848258972, -0.013032414950430393, 0.9768589735031128, 3.2236342430114746], [0.9769458770751953, -0.002847908763214946, 0.21346813440322876, 0.7044447660446167], [-2.3283061589829401e-10, 0.9999110698699951, 0.013339954428374767, 0.0440218448638916], [0.0, 0.0, 0.0, 1.0]], "0095": [[-0.7167486548423767, -0.29620397090911865, 0.6312958598136902, 2.0832765102386475], [0.6973315477371216, -0.30445173382759094, 0.6488742232322693, 2.1412851810455322], [0.0, 0.9053022861480713, 0.42476776242256165, 1.4017337560653687], [0.0, 0.0, 0.0, 1.0]], "0096": [[-0.4139557480812073, 0.023378634825348854, 0.9099968075752258, 3.0029892921447754], [0.9102970361709595, 0.010631387121975422, 0.41381919384002686, 1.3656033277511597], [-9.313225746154785e-10, 0.999670147895813, -0.02568242698907852, -0.08475200831890106], [0.0, 0.0, 0.0, 1.0]], "0097": [[-0.11863534897565842, 0.09219086915254593, -0.9886488914489746, -3.2625412940979004], [-0.9929379224777222, -0.01101488433778286, 0.118122898042202, 0.38980555534362793], [-9.313224635931761e-10, 0.9956805109977722, 0.09284655749797821, 0.3063936233520508], [0.0, 0.0, 0.0, 1.0]], "0098": [[-0.9438340663909912, 0.05126247555017471, -0.3264191448688507, -1.0771831274032593], [-0.3304198682308197, -0.1464296579360962, 0.9324061274528503, 3.0769400596618652], [0.0, 0.9878919124603271, 0.15514345467090607, 0.5119733810424805], [0.0, 0.0, 0.0, 1.0]], "0099": [[0.13028869032859802, -0.09867388010025024, 0.9865537881851196, 3.255627393722534], [0.9914761781692505, 0.012966616079211235, -0.1296418458223343, -0.42781805992126465], [0.0, 0.9950352907180786, 0.09952220320701599, 0.32842326164245605], [0.0, 0.0, 0.0, 1.0]]}