{"K": [[1111.111111111111, 0, 400.0], [0.0, 1111.111111111111, 400.0], [0.0, 0.0, 1.0]], "0000": [[0.08573506772518158, -0.7367480993270874, 0.6707099080085754, 1.6767747402191162], [0.996317982673645, 0.063398577272892, -0.057715870440006256, -0.14428967237472534], [3.725290298461914e-09, 0.6731885671615601, 0.7394708395004272, 1.8486770391464233], [0.0, 0.0, 0.0, 1.0]], "0001": [[-0.7673254013061523, -0.44485121965408325, 0.4618649184703827, 1.1546622514724731], [0.6412580609321594, -0.5323061943054199, 0.5526646971702576, 1.3816616535186768], [0.0, 0.7202481627464294, 0.6937164664268494, 1.7342911958694458], [0.0, 0.0, 0.0, 1.0]], "0002": [[0.5874984264373779, -0.5846585035324097, 0.5594820380210876, 1.3987051248550415], [0.8092253804206848, 0.4244626462459564, -0.40618449449539185, -1.0154612064361572], [0.0, 0.691379725933075, 0.7224915623664856, 1.8062288761138916], [0.0, 0.0, 0.0, 1.0]], "0003": [[-0.10424438863992691, -0.09078432619571686, 0.9903995394706726, 2.475998878479004], [0.9945517778396606, -0.00951560027897358, 0.1038091704249382, 0.2595229148864746], [0.0, 0.9958251118659973, 0.09128165245056152, 0.2282041311264038], [0.0, 0.0, 0.0, 1.0]], "0004": [[-0.9616565704345703, 0.16107770800590515, -0.22197024524211884, -0.5549256205558777], [-0.2742568850517273, -0.564804196357727, 0.7783183455467224, 1.9457957744598389], [1.4901162970204496e-08, 0.8093516826629639, 0.587324321269989, 1.468310832977295], [0.0, 0.0, 0.0, 1.0]], "0005": [[-0.053813133388757706, -0.24532896280288696, 0.9679452180862427, 2.419862985610962], [0.998551070690155, -0.01322107668966055, 0.0521637462079525, 0.1304093599319458], [9.313225746154785e-10, 0.96934974193573, 0.24568496644496918, 0.6142123937606812], [0.0, 0.0, 0.0, 1.0]], "0006": [[-0.9657736420631409, -0.05577600747346878, 0.2533186376094818, 0.6332966089248657], [0.2593863606452942, -0.2076708823442459, 0.9431816339492798, 2.3579540252685547], [0.0, 0.9766072630882263, 0.21503062546253204, 0.5375765562057495], [0.0, 0.0, 0.0, 1.0]], "0007": [[-0.23822364211082458, 0.49878478050231934, -0.8333446383476257, -2.0833613872528076], [-0.9712103605270386, -0.12234459072351456, 0.2044072151184082, 0.5110179781913757], [0.0, 0.8580474853515625, 0.5135703682899475, 1.2839257717132568], [0.0, 0.0, 0.0, 1.0]], "0008": [[-0.7816200852394104, 0.021854760125279427, -0.6233717799186707, -1.558429479598999], [-0.6237547993659973, -0.027385957539081573, 0.7811402082443237, 1.9528504610061646], [0.0, 0.9993860125541687, 0.03503742441534996, 0.08759355545043945], [0.0, 0.0, 0.0, 1.0]], "0009": [[0.9584596157073975, 0.20248308777809143, -0.20088787376880646, -0.5022196769714355], [-0.2852286100387573, 0.6804081797599792, -0.6750476956367493, -1.6876192092895508], [1.4901162970204496e-08, 0.7043048143386841, 0.7098976969718933, 1.7747441530227661], [0.0, 0.0, 0.0, 1.0]], "0010": [[-0.9479622840881348, 0.23881277441978455, -0.21056106686592102, -0.5264027118682861], [-0.3183826208114624, -0.7110485434532166, 0.6269310116767883, 1.567327618598938], [0.0, 0.6613460183143616, 0.7500810027122498, 1.8752026557922363], [0.0, 0.0, 0.0, 1.0]], "0011": [[0.7850571870803833, -0.5387065410614014, 0.3057458996772766, 0.7643647193908691], [0.6194233298301697, 0.6827566623687744, -0.3875023424625397, -0.968755841255188], [-1.4901161193847656e-08, 0.49359753727912903, 0.8696904182434082, 2.1742260456085205], [0.0, 0.0, 0.0, 1.0]], "0012": [[0.6473305225372314, -0.29308414459228516, 0.703608512878418, 1.7590211629867554], [0.762209415435791, 0.24891099333763123, -0.5975618362426758, -1.4939044713974], [0.0, 0.9231169819831848, 0.38451915979385376, 0.9612978100776672], [0.0, 0.0, 0.0, 1.0]], "0013": [[0.9810003042221069, 0.05351465195417404, -0.18647988140583038, -0.46619969606399536], [-0.19400662183761597, 0.270598441362381, -0.9429411292076111, -2.3573527336120605], [0.0, 0.9612036943435669, 0.27583932876586914, 0.6895983219146729], [0.0, 0.0, 0.0, 1.0]], "0014": [[-0.946549654006958, 0.1337205469608307, -0.2935348451137543, -0.7338371276855469], [-0.32255837321281433, -0.39240384101867676, 0.8613799214363098, 2.153449773788452], [-7.450581485102248e-09, 0.9100208282470703, 0.4145623743534088, 1.0364059209823608], [0.0, 0.0, 0.0, 1.0]], "0015": [[0.8939876556396484, -0.15200211107730865, 0.421522855758667, 1.0538071393966675], [0.44809168577194214, 0.30325937271118164, -0.8409801721572876, -2.102450370788574], [0.0, 0.940706729888916, 0.33922097086906433, 0.848052442073822], [0.0, 0.0, 0.0, 1.0]], "0016": [[0.9995344281196594, -0.01402941346168518, 0.027096226811408997, 0.0677405595779419], [0.03051278553903103, 0.45957401394844055, -0.8876152038574219, -2.2190377712249756], [-9.313225746154785e-10, 0.8880286812782288, 0.45978811383247375, 1.1494702100753784], [0.0, 0.0, 0.0, 1.0]], "0017": [[0.20140387117862701, 0.20736940205097198, -0.9573057889938354, -2.3932642936706543], [-0.9795083403587341, 0.042638737708330154, -0.1968386322259903, -0.49209654331207275], [0.0, 0.9773330092430115, 0.21170765161514282, 0.5292690992355347], [0.0, 0.0, 0.0, 1.0]], "0018": [[0.1341290920972824, 0.36133626103401184, -0.9227380156517029, -2.30684494972229], [-0.9909639358520508, 0.04890763387084007, -0.12489455938339233, -0.31223639845848083], [0.0, 0.9311521053314209, 0.3646310865879059, 0.9115777015686035], [0.0, 0.0, 0.0, 1.0]], "0019": [[-0.5337367057800293, 0.30592137575149536, -0.7883763313293457, -1.9709408283233643], [-0.8456507921218872, -0.19308380782604218, 0.4975876808166504, 1.243969202041626], [0.0, 0.9322717785835266, 0.3617585301399231, 0.9043962955474854], [0.0, 0.0, 0.0, 1.0]], "0020": [[-0.713648796081543, -0.3244672119617462, 0.6208272576332092, 1.5520681142807007], [0.7005037069320679, -0.33055591583251953, 0.6324772238731384, 1.581192970275879], [0.0, 0.8862583041191101, 0.46319133043289185, 1.1579782962799072], [0.0, 0.0, 0.0, 1.0]], "0021": [[0.8063253164291382, 0.3161452114582062, -0.4998917579650879, -1.2497293949127197], [-0.5914723873138428, 0.4309852421283722, -0.6814779043197632, -1.7036947011947632], [-1.4901164746561335e-08, 0.8451648950576782, 0.5345054864883423, 1.336263656616211], [0.0, 0.0, 0.0, 1.0]], "0022": [[0.5082276463508606, -0.39022719860076904, 0.7677417993545532, 1.9193544387817383], [0.8612228631973267, 0.23028215765953064, -0.4530622959136963, -1.1326557397842407], [-1.4901162970204496e-08, 0.891455352306366, 0.45310837030410767, 1.1327708959579468], [0.0, 0.0, 0.0, 1.0]], "0023": [[-0.9391111135482788, -0.2703085243701935, 0.21214035153388977, 0.5303508639335632], [0.34361347556114197, -0.7387654185295105, 0.5797891616821289, 1.4494729042053223], [0.0, 0.6173807978630066, 0.7866644859313965, 1.9666612148284912], [0.0, 0.0, 0.0, 1.0]], "0024": [[0.31755533814430237, 0.8263423442840576, -0.46509885787963867, -1.1627471446990967], [-0.948239803314209, 0.2767331898212433, -0.1557566225528717, -0.38939154148101807], [0.0, 0.4904865324497223, 0.871448814868927, 2.178622007369995], [0.0, 0.0, 0.0, 1.0]], "0025": [[0.45501720905303955, 0.6972025036811829, -0.5539567470550537, -1.3848918676376343], [-0.8904827237129211, 0.3562552332878113, -0.2830598056316376, -0.7076495289802551], [-1.4901162970204496e-08, 0.6220858693122864, 0.782948911190033, 1.9573723077774048], [0.0, 0.0, 0.0, 1.0]], "0026": [[0.6834319233894348, 0.43117204308509827, -0.589076817035675, -1.4726920127868652], [-0.7300142645835876, 0.4036588668823242, -0.5514876842498779, -1.3787192106246948], [1.4901161193847656e-08, 0.8069387674331665, 0.5906351208686829, 1.4765877723693848], [0.0, 0.0, 0.0, 1.0]], "0027": [[0.5519327521324158, -0.487350732088089, 0.6766532063484192, 1.6916329860687256], [0.8338887691497803, 0.32256680727005005, -0.44786199927330017, -1.1196550130844116], [1.4901162970204496e-08, 0.8114431500434875, 0.5844314098358154, 1.4610785245895386], [0.0, 0.0, 0.0, 1.0]], "0028": [[-0.9999934434890747, 0.001440643216483295, -0.003334903856739402, -0.008337259292602539], [-0.0036327727138996124, -0.39656588435173035, 0.9179990887641907, 2.2949976921081543], [0.0, 0.9180051684379578, 0.39656853675842285, 0.9914213418960571], [0.0, 0.0, 0.0, 1.0]], "0029": [[0.7094237208366394, 0.43853116035461426, -0.5517322421073914, -1.3793305158615112], [-0.704782247543335, 0.44141915440559387, -0.5553657412528992, -1.3884143829345703], [-1.4901161193847656e-08, 0.7828407287597656, 0.6222221851348877, 1.5555554628372192], [0.0, 0.0, 0.0, 1.0]], "0030": [[0.41149234771728516, -0.2569093108177185, 0.8744550943374634, 2.1861376762390137], [0.911413311958313, 0.1159915179014206, -0.3948061168193817, -0.9870152473449707], [-7.450581485102248e-09, 0.9594495892524719, 0.28188014030456543, 0.7047003507614136], [0.0, 0.0, 0.0, 1.0]], "0031": [[-0.9999260902404785, 0.0054431213065981865, -0.010873413644731045, -0.02718353271484375], [-0.012159716337919235, -0.4476024806499481, 0.8941499590873718, 2.235374927520752], [-4.656612873077393e-10, 0.8942161202430725, 0.44763556122779846, 1.119088888168335], [0.0, 0.0, 0.0, 1.0]], "0032": [[0.6050877571105957, -0.33728811144828796, 0.7211834788322449, 1.802958607673645], [0.7961587905883789, 0.25634193420410156, -0.5481058359146118, -1.3702645301818848], [1.4901161193847656e-08, 0.9058286547660828, 0.4236442744731903, 1.0591106414794922], [0.0, 0.0, 0.0, 1.0]], "0033": [[0.48093655705451965, -0.7592213749885559, 0.43850070238113403, 1.0962517261505127], [0.87675541639328, 0.41646426916122437, -0.24053573608398438, -0.6013393402099609], [0.0, 0.5001402497291565, 0.8659443855285645, 2.164860963821411], [0.0, 0.0, 0.0, 1.0]], "0034": [[0.5512312650680542, 0.4278329610824585, -0.7163121700286865, -1.7907804250717163], [-0.8343524932861328, 0.282656192779541, -0.4732455909252167, -1.183113932609558], [0.0, 0.8585245013237, 0.5127724409103394, 1.2819310426712036], [0.0, 0.0, 0.0, 1.0]], "0035": [[0.8075889945030212, 0.12477117776870728, -0.5763959884643555, -1.4409899711608887], [-0.5897458791732788, 0.1708597093820572, -0.7893077731132507, -1.9732694625854492], [-7.450581485102248e-09, 0.9773633480072021, 0.211567685008049, 0.5289192199707031], [0.0, 0.0, 0.0, 1.0]], "0036": [[0.5743094682693481, -0.013828402385115623, 0.8185214996337891, 2.0463037490844727], [0.8186383843421936, 0.00970121007412672, -0.574227511882782, -1.4355686902999878], [0.0, 0.9998573064804077, 0.016891956329345703, 0.04222989082336426], [0.0, 0.0, 0.0, 1.0]], "0037": [[-0.6868154406547546, -0.30861860513687134, 0.6580570936203003, 1.645142674446106], [0.72683185338974, -0.29162734746932983, 0.6218271255493164, 1.554567813873291], [2.9802322387695312e-08, 0.9053772687911987, 0.4246079921722412, 1.061519980430603], [0.0, 0.0, 0.0, 1.0]], "0038": [[0.12782350182533264, 0.5060341358184814, -0.8529892563819885, -2.1324729919433594], [-0.9917969703674316, 0.06521803885698318, -0.10993386059999466, -0.27483463287353516], [0.0, 0.8600443005561829, 0.5102194547653198, 1.2755485773086548], [0.0, 0.0, 0.0, 1.0]], "0039": [[-0.52402263879776, -0.6136424541473389, 0.5906295776367188, 1.4765739440917969], [0.8517043590545654, -0.3775518238544464, 0.36339280009269714, 0.9084819555282593], [1.4901161193847656e-08, 0.6934678554534912, 0.7204875946044922, 1.8012189865112305], [0.0, 0.0, 0.0, 1.0]], "0040": [[-0.002756507834419608, -0.482331246137619, 0.8759846091270447, 2.1899614334106445], [0.9999961853027344, -0.0013295549433678389, 0.002414667746052146, 0.006036669015884399], [-1.1641530794914701e-10, 0.8759878873825073, 0.48233315348625183, 1.205832839012146], [0.0, 0.0, 0.0, 1.0]], "0041": [[0.7917507886886597, -0.17507591843605042, 0.5852172374725342, 1.4630430936813354], [0.6108443737030029, 0.2269260287284851, -0.7585339546203613, -1.8963348865509033], [0.0, 0.9580464363098145, 0.28661298751831055, 0.7165324687957764], [0.0, 0.0, 0.0, 1.0]], "0042": [[0.667494535446167, -0.4230109453201294, 0.6127910017967224, 1.5319775342941284], [0.7446147203445435, 0.37919941544532776, -0.5493238568305969, -1.37330961227417], [1.4901161193847656e-08, 0.8229638934135437, 0.5680937170982361, 1.4202343225479126], [0.0, 0.0, 0.0, 1.0]], "0043": [[-0.24194970726966858, 0.6339385509490967, -0.7345625758171082, -1.8364064693450928], [-0.970288872718811, -0.1580779254436493, 0.18316936492919922, 0.45792341232299805], [-7.450581485102248e-09, 0.7570556402206421, 0.6533504128456116, 1.6333760023117065], [0.0, 0.0, 0.0, 1.0]], "0044": [[-0.8131541013717651, 0.23217138648033142, -0.5337385535240173, -1.3343462944030762], [-0.5820484161376953, -0.3243563771247864, 0.74566251039505, 1.8641562461853027], [0.0, 0.9170001149177551, 0.3988867700099945, 0.9972169399261475], [0.0, 0.0, 0.0, 1.0]], "0045": [[-0.4408297538757324, -0.7248900532722473, 0.529342532157898, 1.3233562707901], [0.897590696811676, -0.3560120463371277, 0.2599736750125885, 0.6499341726303101], [-1.4901159417490817e-08, 0.5897371172904968, 0.8075953722000122, 2.0189883708953857], [0.0, 0.0, 0.0, 1.0]], "0046": [[0.16883346438407898, -0.5365418195724487, 0.8268119692802429, 2.0670299530029297], [0.9856446385383606, 0.09190555661916733, -0.14162664115428925, -0.3540666103363037], [0.0, 0.8388540744781494, 0.5443562865257263, 1.3608907461166382], [0.0, 0.0, 0.0, 1.0]], "0047": [[-0.9937210083007812, -0.001156952464953065, -0.1118805930018425, -0.27970147132873535], [-0.11188656836748123, 0.010275477543473244, 0.9936679005622864, 2.4841697216033936], [0.0, 0.9999465942382812, -0.010340404696762562, -0.025851011276245117], [0.0, 0.0, 0.0, 1.0]], "0048": [[-0.2553930878639221, 0.7135269641876221, -0.6524214148521423, -1.6310535669326782], [-0.9668373465538025, -0.18848037719726562, 0.17233915627002716, 0.4308478832244873], [0.0, 0.6747995615005493, 0.7380010485649109, 1.84500253200531], [0.0, 0.0, 0.0, 1.0]], "0049": [[0.7821966409683228, -0.008301286958158016, 0.6229762434959412, 1.5574406385421753], [0.6230315566062927, 0.01042200718075037, -0.7821272611618042, -1.9553180932998657], [0.0, 0.9999113082885742, 0.01332402229309082, 0.03331005573272705], [0.0, 0.0, 0.0, 1.0]], "0050": [[-0.39203259348869324, 0.02678614854812622, -0.9195613265037537, -2.298903226852417], [-0.919951319694519, -0.011414781212806702, 0.39186641573905945, 0.979665994644165], [9.313224635931761e-10, 0.9995760917663574, 0.0291169174015522, 0.07279229164123535], [0.0, 0.0, 0.0, 1.0]], "0051": [[-0.9972323179244995, -0.03355827555060387, 0.0663442388176918, 0.1658605933189392], [0.07434861361980438, -0.4501146376132965, 0.889870285987854, 2.2246756553649902], [1.862645149230957e-09, 0.8923400044441223, 0.45136386156082153, 1.1284096240997314], [0.0, 0.0, 0.0, 1.0]], "0052": [[-0.07348404824733734, 0.035690538585186005, -0.9966575503349304, -2.4916439056396484], [-0.9972963929176331, -0.0026297953445464373, 0.07343697547912598, 0.18359243869781494], [0.0, 0.9993593096733093, 0.035787295550107956, 0.08946824073791504], [0.0, 0.0, 0.0, 1.0]], "0053": [[-0.6313707828521729, 0.16725896298885345, -0.7572287917137146, -1.8930717706680298], [-0.775481104850769, -0.13617664575576782, 0.6165103316307068, 1.5412757396697998], [0.0, 0.9764631390571594, 0.21568414568901062, 0.539210319519043], [0.0, 0.0, 0.0, 1.0]], "0054": [[0.2797031104564667, -0.45090118050575256, 0.8476168513298035, 2.119042158126831], [0.9600865840911865, 0.13136155903339386, -0.24693718552589417, -0.6173429489135742], [0.0, 0.8828545212745667, 0.4696464240550995, 1.1741160154342651], [0.0, 0.0, 0.0, 1.0]], "0055": [[0.6104212999343872, 0.404922753572464, -0.680752158164978, -1.7018802165985107], [-0.7920770049095154, 0.31205737590789795, -0.5246278047561646, -1.3115694522857666], [-1.4901161193847656e-08, 0.8594520688056946, 0.5112164616584778, 1.2780410051345825], [0.0, 0.0, 0.0, 1.0]], "0056": [[0.3977329134941101, -0.5566325783729553, 0.729361891746521, 1.8234046697616577], [0.9175013303756714, 0.24129784107208252, -0.31617528200149536, -0.790438175201416], [1.4901161193847656e-08, 0.7949437499046326, 0.6066831946372986, 1.5167080163955688], [0.0, 0.0, 0.0, 1.0]], "0057": [[-0.31560298800468445, 0.4381338357925415, -0.8416849374771118, -2.1042122840881348], [-0.9488913416862488, -0.1457241028547287, 0.2799459397792816, 0.6998648047447205], [7.450580596923828e-09, 0.8870193362236023, 0.4617323577404022, 1.154330849647522], [0.0, 0.0, 0.0, 1.0]], "0058": [[0.7421686053276062, 0.3677898645401001, -0.5602824091911316, -1.4007060527801514], [-0.6702132225036621, 0.4072764813899994, -0.6204354166984558, -1.551088571548462], [-1.4901161193847656e-08, 0.8359763622283936, 0.5487654209136963, 1.3719135522842407], [0.0, 0.0, 0.0, 1.0]], "0059": [[0.571230411529541, 0.47018715739250183, -0.6727703809738159, -1.681925892829895], [-0.8207898139953613, 0.32722774147987366, -0.4682159423828125, -1.1705398559570312], [0.0, 0.8196621537208557, 0.5728471875190735, 1.4321179389953613], [0.0, 0.0, 0.0, 1.0]], "0060": [[0.37135741114616394, -0.6167235374450684, 0.6940790414810181, 1.7351975440979004], [0.9284901022911072, 0.24666376411914825, -0.27760276198387146, -0.6940069198608398], [1.4901162970204496e-08, 0.7475352883338928, 0.6642220616340637, 1.660555124282837], [0.0, 0.0, 0.0, 1.0]], "0061": [[-0.8917583227157593, 0.014055448584258556, 0.45229372382164, 1.1307343244552612], [0.45251208543777466, 0.02769884467124939, 0.891327977180481, 2.2283198833465576], [9.31322685637781e-10, 0.9995174407958984, -0.03106093406677246, -0.07765233516693115], [0.0, 0.0, 0.0, 1.0]], "0062": [[-0.9911509156227112, 0.0797622799873352, -0.10610275715589523, -0.2652568817138672], [-0.13273964822292328, -0.5955753326416016, 0.7922564744949341, 1.9806411266326904], [0.0, 0.7993296980857849, 0.6008927226066589, 1.5022317171096802], [0.0, 0.0, 0.0, 1.0]], "0063": [[-0.9286068081855774, -0.05246805399656296, 0.36733710765838623, 0.9183427691459656], [0.37106528878211975, -0.1313035488128662, 0.9192768335342407, 2.298192024230957], [0.0, 0.989952802658081, 0.14139842987060547, 0.35349607467651367], [0.0, 0.0, 0.0, 1.0]], "0064": [[-0.20127157866954803, -0.49582168459892273, 0.8447784781455994, 2.1119461059570312], [0.9795354604721069, -0.10187974572181702, 0.17358218133449554, 0.43395543098449707], [7.4505797087454084e-09, 0.8624276518821716, 0.5061804056167603, 1.2654509544372559], [0.0, 0.0, 0.0, 1.0]], "0065": [[-0.8800593614578247, -0.26356515288352966, 0.39500507712364197, 0.9875126481056213], [0.47486379742622375, -0.4884621500968933, 0.7320581674575806, 1.8301453590393066], [1.4901161193847656e-08, 0.831828236579895, 0.5550332069396973, 1.3875830173492432], [0.0, 0.0, 0.0, 1.0]], "0066": [[-0.5536235570907593, -0.6342527866363525, 0.5396521091461182, 1.3491302728652954], [0.832767128944397, -0.4216512441635132, 0.3587607443332672, 0.8969018459320068], [-2.980232594040899e-08, 0.6480227708816528, 0.7616208791732788, 1.9040521383285522], [0.0, 0.0, 0.0, 1.0]], "0067": [[0.8431594371795654, -0.4069405794143677, 0.35139942169189453, 0.8784985542297363], [0.5376636981964111, 0.6381606459617615, -0.5510614514350891, -1.3776535987854004], [-1.4901161193847656e-08, 0.6535674333572388, 0.7568684220314026, 1.892171025276184], [0.0, 0.0, 0.0, 1.0]], "0068": [[0.2567993998527527, -0.8098382949829102, 0.5274619460105896, 1.3186547756195068], [0.9664647579193115, 0.21518217027187347, -0.14015193283557892, -0.3503798246383667], [-7.450580596923828e-09, 0.5457642078399658, 0.8379387855529785, 2.0948469638824463], [0.0, 0.0, 0.0, 1.0]], "0069": [[-0.45163822174072266, -0.34295880794525146, 0.8236517906188965, 2.059129238128662], [0.8922011852264404, -0.17360803484916687, 0.41693806648254395, 1.0423450469970703], [-1.4901161193847656e-08, 0.9231681227684021, 0.3843963146209717, 0.9609906673431396], [0.0, 0.0, 0.0, 1.0]], "0070": [[0.005725559312850237, 0.8188494443893433, -0.5739798545837402, -1.4349496364593506], [-0.9999836683273315, 0.004688447341322899, -0.0032864094246178865, -0.008216023445129395], [-2.3283067140944524e-10, 0.5739891529083252, 0.8188628554344177, 2.047157049179077], [0.0, 0.0, 0.0, 1.0]], "0071": [[0.9457259774208069, 0.06585539877414703, -0.31822264194488525, -0.7955566048622131], [-0.32496553659439087, 0.19165468215942383, -0.9261025786399841, -2.315256357192993], [3.725290742551124e-09, 0.979250431060791, 0.20265355706214905, 0.5066338777542114], [0.0, 0.0, 0.0, 1.0]], "0072": [[-0.788413405418396, 0.12048710137605667, -0.6032306551933289, -1.508076548576355], [-0.615145742893219, -0.15442460775375366, 0.7731421589851379, 1.9328553676605225], [0.0, 0.9806303977966309, 0.19586756825447083, 0.48966890573501587], [0.0, 0.0, 0.0, 1.0]], "0073": [[0.05250565707683563, 0.5706558227539062, -0.8195090293884277, -2.0487725734710693], [-0.9986206293106079, 0.030004048720002174, -0.04308829456567764, -0.10772073268890381], [1.862645149230957e-09, 0.8206409811973572, 0.571444034576416, 1.42861008644104], [0.0, 0.0, 0.0, 1.0]], "0074": [[0.9998509883880615, 0.013342843391001225, -0.010960769839584827, -0.02740192413330078], [-0.017267601564526558, 0.7725945711135864, -0.6346647143363953, -1.5866618156433105], [-9.313227966600834e-10, 0.6347593665122986, 0.772709846496582, 1.931774616241455], [0.0, 0.0, 0.0, 1.0]], "0075": [[0.9713544845581055, -0.1494612842798233, 0.18474817276000977, 0.4618704319000244], [0.23763537406921387, 0.6109355688095093, -0.7551736235618591, -1.8879339694976807], [-1.4901162970204496e-08, 0.7774438858032227, 0.6289522647857666, 1.5723806619644165], [0.0, 0.0, 0.0, 1.0]], "0076": [[0.5493690967559814, -0.6996820569038391, 0.4567696750164032, 1.1419241428375244], [0.8355798125267029, 0.46002036333084106, -0.3003126084804535, -0.7507815361022949], [0.0, 0.5466499924659729, 0.8373612761497498, 2.0934031009674072], [0.0, 0.0, 0.0, 1.0]], "0077": [[0.7313157916069031, -0.4634052515029907, 0.5004326701164246, 1.2510817050933838], [0.6820390224456787, 0.49688589572906494, -0.5365884900093079, -1.3414711952209473], [-1.4901161193847656e-08, 0.7337301969528198, 0.6794409155845642, 1.6986021995544434], [0.0, 0.0, 0.0, 1.0]], "0078": [[-0.1176491528749466, -0.6158878207206726, 0.778999924659729, 1.9474997520446777], [0.9930552244186401, -0.07296540588140488, 0.09228961914777756, 0.230724036693573], [-3.725290298461914e-09, 0.7844477295875549, 0.6201949119567871, 1.5504872798919678], [0.0, 0.0, 0.0, 1.0]], "0079": [[0.5898956060409546, 0.40722107887268066, -0.6972762942314148, -1.7431906461715698], [-0.8074795007705688, 0.29749101400375366, -0.5093877911567688, -1.2734694480895996], [-1.4901161193847656e-08, 0.8635218739509583, 0.5043113827705383, 1.2607784271240234], [0.0, 0.0, 0.0, 1.0]], "0080": [[-0.40079498291015625, -0.11820095777511597, 0.9085108637809753, 2.2712771892547607], [0.9161678552627563, -0.05170924589037895, 0.3974452614784241, 0.9936131238937378], [0.0, 0.9916423559188843, 0.12901671230793, 0.3225417733192444], [0.0, 0.0, 0.0, 1.0]], "0081": [[-0.8436981439590454, -0.29050132632255554, 0.451422780752182, 1.1285569667816162], [0.5368180274963379, -0.4565708041191101, 0.7094854712486267, 1.7737135887145996], [0.0, 0.8409234285354614, 0.541154146194458, 1.352885365486145], [0.0, 0.0, 0.0, 1.0]], "0082": [[-0.7428268790245056, -0.5925361514091492, 0.31162360310554504, 0.7790589332580566], [0.6694836616516113, -0.6574496626853943, 0.34576258063316345, 0.8644063472747803], [1.4901161193847656e-08, 0.46546852588653564, 0.885064423084259, 2.212660789489746], [0.0, 0.0, 0.0, 1.0]], "0083": [[0.9598578214645386, -0.0030906712636351585, -0.2804700434207916, -0.7011750936508179], [-0.2804870903491974, -0.010576619766652584, -0.959799587726593, -2.39949893951416], [0.0, 0.9999393820762634, -0.011018943972885609, -0.027547359466552734], [0.0, 0.0, 0.0, 1.0]], "0084": [[-0.5551062226295471, -0.34570324420928955, 0.7565357685089111, 1.8913395404815674], [0.8317795991897583, -0.23071259260177612, 0.5048906207084656, 1.2622265815734863], [0.0, 0.9095388650894165, 0.4156188666820526, 1.0390472412109375], [0.0, 0.0, 0.0, 1.0]], "0085": [[0.6136652827262878, 0.28492623567581177, -0.7363640666007996, -1.8409101963043213], [-0.7895663976669312, 0.2214498072862625, -0.5723154544830322, -1.4307886362075806], [0.0, 0.9326183199882507, 0.36086422204971313, 0.9021605253219604], [0.0, 0.0, 0.0, 1.0]], "0086": [[-0.6469378471374512, -0.5750794410705566, 0.5007545351982117, 1.251886248588562], [0.762542724609375, -0.48789483308792114, 0.4248379170894623, 1.062094807624817], [0.0, 0.6566903591156006, 0.7541602849960327, 1.885400652885437], [0.0, 0.0, 0.0, 1.0]], "0087": [[0.9923691153526306, -0.023210864514112473, 0.12109853327274323, 0.30274632573127747], [0.1233028694987297, 0.18680621683597565, -0.9746280908584595, -2.436570167541504], [1.862645149230957e-09, 0.982122540473938, 0.18824267387390137, 0.4706066846847534], [0.0, 0.0, 0.0, 1.0]], "0088": [[-0.8178236484527588, -0.16209489107131958, 0.5521683096885681, 1.3804206848144531], [0.5754690766334534, -0.23035995662212372, 0.7847099304199219, 1.9617748260498047], [0.0, 0.9595100283622742, 0.2816743850708008, 0.704185962677002], [0.0, 0.0, 0.0, 1.0]], "0089": [[0.9874758124351501, -0.0011679790914058685, -0.15776662528514862, -0.39441657066345215], [-0.15777094662189484, -0.007310287095606327, -0.9874486923217773, -2.4686217308044434], [0.0, 0.9999726414680481, -0.007403004448860884, -0.01850751042366028], [0.0, 0.0, 0.0, 1.0]], "0090": [[-0.8190264701843262, -0.4106478691101074, 0.40070438385009766, 1.0017609596252441], [0.5737557411193848, -0.5861927270889282, 0.5719985961914062, 1.4299964904785156], [0.0, 0.6983884572982788, 0.7157189249992371, 1.789297342300415], [0.0, 0.0, 0.0, 1.0]], "0091": [[0.7300876975059509, 0.3949701488018036, -0.5576473474502563, -1.394118309020996], [-0.6833534836769104, 0.42198196053504944, -0.5957845449447632, -1.4894613027572632], [1.4901161193847656e-08, 0.8160452246665955, 0.5779880881309509, 1.4449702501296997], [0.0, 0.0, 0.0, 1.0]], "0092": [[0.976395308971405, 0.02194860950112343, -0.2148730754852295, -0.5371826887130737], [-0.21599113941192627, 0.0992194339632988, -0.971341073513031, -2.4283525943756104], [-1.8626449271863521e-09, 0.9948235154151917, 0.10161810368299484, 0.2540452480316162], [0.0, 0.0, 0.0, 1.0]], "0093": [[0.9885620474815369, 0.12004032731056213, -0.09129925072193146, -0.22824811935424805], [-0.15081524848937988, 0.786838948726654, -0.5984472632408142, -1.496118187904358], [0.0, 0.6053715348243713, 0.795943021774292, 1.98985755443573], [0.0, 0.0, 0.0, 1.0]], "0094": [[0.10016824305057526, -0.2372845709323883, 0.9662620425224304, 2.4156551361083984], [0.9949705600738525, 0.023888522759079933, -0.09727802127599716, -0.2431950569152832], [0.0, 0.9711464643478394, 0.23848401010036469, 0.5962100028991699], [0.0, 0.0, 0.0, 1.0]], "0095": [[-0.9910457730293274, 0.05535013973712921, -0.12150979042053223, -0.30377447605133057], [-0.13352254033088684, -0.4108259379863739, 0.9018834233283997, 2.2547085285186768], [0.0, 0.9100320339202881, 0.41453781723976135, 1.0363445281982422], [0.0, 0.0, 0.0, 1.0]], "0096": [[-0.103244349360466, -0.15037405490875244, 0.9832233786582947, 2.4580585956573486], [0.9946560859680176, -0.015608683228492737, 0.10205764323472977, 0.2551441192626953], [9.31322685637781e-10, 0.9885058999061584, 0.15118198096752167, 0.37795495986938477], [0.0, 0.0, 0.0, 1.0]], "0097": [[-0.6501876711845398, 0.6341471672058105, -0.41846561431884766, -1.0461640357971191], [-0.7597737908363342, -0.5426808595657349, 0.35810816287994385, 0.8952704071998596], [0.0, 0.5507765412330627, 0.8346527218818665, 2.0866317749023438], [0.0, 0.0, 0.0, 1.0]], "0098": [[0.8915001749992371, -0.3694744408130646, 0.2621377110481262, 0.6553442478179932], [0.45302048325538635, 0.7270897030830383, -0.515861451625824, -1.2896536588668823], [0.0, 0.5786442160606384, 0.8155800104141235, 2.038949966430664], [0.0, 0.0, 0.0, 1.0]], "0099": [[-0.24177229404449463, 0.20842336118221283, -0.9476844668388367, -2.369211196899414], [-0.9703330397605896, -0.05193164944648743, 0.23612909018993378, 0.590322732925415], [0.0, 0.9766589999198914, 0.21479569375514984, 0.5369892120361328], [0.0, 0.0, 0.0, 1.0]]}