{"K": [[670.4620971679688, 0.0, 481.3317565917969], [0.0, 670.4620971679688, 361.76190185546875], [0.0, 0.0, 1.0]], "0000": [[0.8861300895318186, 0.025396492818746657, -0.46274023392207153, -0.9585503292246493], [-0.46332623133671674, 0.07034347908547657, -0.8833915254573228, -0.4016988667460749], [0.010115712881088283, 0.997199535369873, 0.07410033047199227, 0.12541448772799324], [0.0, 0.0, 0.0, 0.9999998807907104]], "0001": [[0.8704056565095524, 0.04577338651415379, -0.4902031697859856, -0.9520409302079612], [-0.4922540453508727, 0.06278536891377003, -0.8681844942540567, -0.5046922451977315], [-0.008962155319750292, 0.9969769716262817, 0.0771808475255964, 0.11605435461228719], [0.0, 0.0, 0.0, 0.9999999403953552]], "0002": [[0.8822219023551109, 0.04543654854315305, -0.46863666150050465, -0.9233096382484911], [-0.47058984911490237, 0.053032723701726736, -0.8807570588759539, -0.5090585405019402], [-0.0151654817163944, 0.9975586533546448, 0.06816859543323495, 0.1151087865275704], [0.0, 0.0, 0.0, 0.9999999403953552]], "0003": [[0.8900735978089043, 0.055465574886892695, -0.45242984431866407, -0.9149958775018611], [-0.45578191250319666, 0.09597418886323408, -0.8849022778632278, -0.4898649560241637], [-0.00566002540290353, 0.9938373565673828, 0.11070428043603875, 0.14203023910522372], [0.0, 0.0, 0.0, 1.0]], "0004": [[0.8275717176961154, 0.0704238017413951, -0.5569253360092082, -0.9847477485012449], [-0.5613237266126375, 0.09249966203835795, -0.8224109797710029, -0.32831372977035755], [-0.006401901599019766, 0.993219256401062, 0.11608062684535958, 0.1347961425781241], [0.0, 0.0, 0.0, 1.0]], "0005": [[0.7797835550727904, 0.028449998669942838, -0.6254025577215879, -1.0033855596154093], [-0.625196445188378, 0.08751470050563262, -0.7755454175436891, -0.2352776744772894], [0.03266764432191847, 0.9957568645477295, 0.08602935075759865, 0.12608587444674324], [0.0, 0.0, 0.0, 0.9999998807907104]], "0006": [[0.8067493617550707, 0.02522934787520268, -0.5903551845053023, -0.9360060212493816], [-0.5898792482156288, 0.09291439610099204, -0.8021282374246692, -0.27521380495063913], [0.034615311771631234, 0.9953544735908508, 0.08984088152646996, 0.13349419683640829], [0.0, 0.0, 0.0, 0.9999999403953552]], "0007": [[0.8834476279626459, 0.04752618081548659, -0.46611342133467293, -0.8435857647729168], [-0.46821892494992345, 0.12580972995020243, -0.8746102068574674, -0.3475358407283415], [0.01707471720874312, 0.9909152984619141, 0.13339893519878365, 0.1711266621989571], [0.0, 0.0, 0.0, 0.9999999403953552]], "0008": [[0.8909377750786607, 0.1075879018765987, -0.4411971877850701, -0.8203609483963676], [-0.45208996414841807, 0.11824080284942921, -0.8841006690134651, -0.3614978445212819], [-0.04295102134346959, 0.9871393442153931, 0.1539845913648603, 0.1828744992656075], [0.0, 0.0, 0.0, 0.9999999403953552]], "0009": [[0.967114374697413, 0.041513709410202305, -0.25093160349941857, -0.6257718694832376], [-0.25433230516204924, 0.16663870315017626, -0.9526525655750461, -0.5462814849256011], [0.002266781637445166, 0.9851438403129578, 0.17171689867973308, 0.17035418600266805], [0.0, 0.0, 0.0, 0.9999999403953552]], "0010": [[0.9816497175909965, 0.06562118970820081, -0.17904705263997342, -0.6102049572252989], [-0.18656767068067143, 0.13624152757332114, -0.9729495338737629, -0.6030377266242516], [-0.039452459663152604, 0.9884999394416809, 0.1459842324256895, 0.17135029882615438], [0.0, 0.0, 0.0, 0.9999999403953552]], "0011": [[0.9930617453503255, 0.0145378323082214, -0.11669278586397015, -0.5329234635635712], [-0.11758675271129683, 0.13438231700169007, -0.98392832131084, -0.6541149313304123], [0.0013772634556518026, 0.9908230304718018, 0.13515934348106365, 0.15564232916062704], [0.0, 0.0, 0.0, 0.9999999403953552]], "0012": [[0.999913495818084, -0.004194246271560994, 0.012466194286337003, -0.34505470681238465], [0.012814004918270859, 0.09690201621795663, -0.9952114800916562, -0.6714463429865992], [0.0029661627486349423, 0.9952850937843323, 0.0969473645091055, 0.1482527837199532], [0.0, 0.0, 0.0, 0.9999999403953552]], "0013": [[0.9990749442485563, -0.04170896092364726, -0.010475278936839954, -0.30492130343138113], [-0.006000480987256412, 0.1059992677324539, -0.9943480494419368, -0.685312426446318], [0.04258358851075185, 0.993490993976593, 0.1056509241461752, 0.1838936165102032], [0.0, 0.0, 0.0, 0.9999998211860657]], "0014": [[0.9963570993785255, 0.0009312148875145149, -0.0852747645064194, -0.3827933994457905], [-0.08449100456079585, 0.14647340182655386, -0.9855997039731258, -0.601226737070847], [0.01157267577946197, 0.9892141222953796, 0.14601844549179058, 0.16862737835299324], [0.0, 0.0, 0.0, 0.9999998807907104]], "0015": [[0.9989131000118724, 0.016008856794029278, 0.043777499890831684, -0.3623353426983958], [0.041851221268954, 0.10549502172597486, -0.9935388878678512, -0.5385583663316572], [-0.02052371762692915, 0.9942910075187683, 0.10471034049987775, 0.16130143255418172], [0.0, 0.0, 0.0, 0.9999999403953552]], "0016": [[0.9859190868751257, 0.004102465521422708, 0.16717335470089664, -0.21117845027517573], [0.16485023688348002, 0.14398944464695082, -0.9757518097326598, -0.5313742555331095], [-0.02807417884469017, 0.989570677280426, 0.14128562808036788, 0.15369063467210164], [0.0, 0.0, 0.0, 0.9999999403953552]], "0017": [[0.9772772298989814, 0.010912368545431112, 0.21168453718019462, -0.11884824100815668], [0.20630937990187717, 0.18019683919911733, -0.9617513902183115, -0.4838934273693673], [-0.04863986372947677, 0.9835701584815979, 0.17385090887546525, 0.179502306882795], [0.0, 0.0, 0.0, 0.9999999403953552]], "0018": [[0.9533475317384834, -0.019609354298360256, 0.3012375494012426, -0.12055285483835201], [0.2975536302989661, 0.22928580315431255, -0.9267630635395239, -0.3757148524816655], [-0.05089625716209394, 0.9731616377830505, 0.22442387044429765, 0.217602846034878], [0.0, 0.0, 0.0, 0.9999998807907104]], "0019": [[0.905154610302953, -0.07415693398991681, 0.4185641985907528, -0.19858659804394768], [0.4214424026505912, 0.2851430547095994, -0.8608599647167121, -0.28953714551879334], [-0.05551192536950093, 0.9556120038032532, 0.2893513739109038, 0.23936682790940633], [0.0, 0.0, 0.0, 0.9999999403953552]], "0020": [[0.7357367813806818, -0.2397401979502065, 0.6334163432183564, -0.018820420188971964], [0.6743850661175215, 0.1731305388810351, -0.7177957953647887, -0.19157705292748578], [0.062420777976513124, 0.9552751779556274, 0.2890556156635284, 0.23895960897630086], [0.0, 0.0, 0.0, 0.9999999403953552]], "0021": [[0.6637669875590047, -0.15737653888788158, 0.7311950059728649, 0.08010809138721846], [0.7479376212048162, 0.14187354574878544, -0.6484298698405484, -0.11916151207881913], [-0.0016895740991456096, 0.9772945046424866, 0.21187877655029294, 0.21255284399217], [0.0, 0.0, 0.0, 0.9999999403953552]], "0022": [[0.6426493400140519, -0.11325019713896381, 0.7577443565683897, 0.2157943440669398], [0.7657903996957071, 0.12569023222226905, -0.6306879694133252, -0.12177280758648183], [-0.0238155238330362, 0.9855844378471375, 0.16750063002109525, 0.1601689443034493], [0.0, 0.0, 0.0, 0.9999999403953552]], "0023": [[0.6616242115909734, -0.09947867021794389, 0.7432076147085795, 0.22522061970285095], [0.7473158444540497, 0.16867017547408142, -0.6427049077606249, -0.07661036541586046], [-0.061421524733304755, 0.9806398749351501, 0.1859382390975952, 0.16710406393235555], [0.0, 0.0, 0.0, 0.9999999403953552]], "0024": [[0.7068736912698016, -0.1575689074261855, 0.6895663223928283, 0.15480615430197595], [0.7073082923908148, 0.16667366612379653, -0.6869752268212651, -0.0859985449425705], [-0.006686604116111776, 0.9733405709266663, 0.22926700115203855, 0.30095350445162605], [0.0, 0.0, 0.0, 0.9999998807907104]], "0025": [[0.6269230634120694, -0.3119588412608163, 0.7138973717615599, 0.009643965700407198], [0.7786515938392159, 0.2813248782534304, -0.5608549698216136, 0.10891679023123342], [-0.02587342448532559, 0.907490074634552, 0.41927623748779297, 0.2963569745463692], [0.0, 0.0, 0.0, 0.9999999403953552]], "0026": [[0.1270166520434895, -0.1572945697587116, 0.9793494987273526, 0.2026069351032373], [0.991773837655471, 0.004351617202935552, -0.12792913476009243, 0.2510942448995899], [0.015860810875892837, 0.9875422120094299, 0.15655334293842327, 0.31101304144090136], [0.0, 0.0, 0.0, 0.9999999403953552]], "0027": [[0.12051555121242889, -0.1035218431738154, 0.9872990334533295, 0.43590079675602655], [0.9913172098612857, 0.06524264267826138, -0.1141651663852054, 0.3574529205926483], [-0.05259540677070598, 0.9924850463867188, 0.1104857325553895, 0.22708713711153905], [0.0, 0.0, 0.0, 0.9999998807907104]], "0028": [[0.08512931866051404, -0.08578436563711662, 0.9926703185306056, 0.7129090711023781], [0.9963672376195805, 0.0049695459647312226, -0.08501691816629417, 0.45692300126660196], [0.0023600035347046406, 0.9963014721870422, 0.08589576184749614, 0.15756827444261035], [0.0, 0.0, 0.0, 0.9999999403953552]], "0029": [[0.0855981241751695, -0.10705438861226454, 0.9905616613133872, 0.8782293477577828], [0.9961568751307082, -0.009330806169860203, -0.08709003017711682, 0.5753350575688211], [0.018566112965345577, 0.994209349155426, 0.10584424436092388, 0.12109023184007128], [0.0, 0.0, 0.0, 0.9999999403953552]], "0030": [[0.1421506914622806, -0.09954165327152333, 0.984827308422761, 0.9519646599491903], [0.9897759086378709, 0.026062044418746693, -0.14023071478984503, 0.6563729399939285], [-0.011707812547683516, 0.9946921467781067, 0.10222864896059046, 0.11098605245774706], [0.0, 0.0, 0.0, 0.9999999403953552]], "0031": [[0.021015471323432598, -0.08327842202485895, 0.9963048057691818, 0.9380030533675138], [0.999725676485932, -0.00857176883128702, -0.021804051378588853, 0.8401995845795648], [0.0103559000417592, 0.9964895844459534, 0.08307541161775601, 0.11083632559007128], [0.0, 0.0, 0.0, 0.9999999403953552]], "0032": [[0.003992251960002031, -0.06608804938329815, 0.9978059551633949, 0.8548491074577291], [0.9999920277157794, -0.00022040420708428307, -0.0040154498182406375, 0.9232409363799263], [0.00048530002823117915, 0.997813880443573, 0.06608662754297269, 0.1113438606262207], [0.0, 0.0, 0.0, 1.0]], "0033": [[0.03923028032163227, -0.07344686678705169, 0.9965272238213263, 0.6650666843042429], [0.9977205105645632, 0.05767970342273756, -0.035026163643489296, 0.8628068733152633], [-0.05490683764219265, 0.9956297278404236, 0.07554223388433468, 0.2889577120627109], [0.0, 0.0, 0.0, 0.9999998807907104]], "0034": [[-0.0359101552963943, -0.15810658590541582, 0.9867688003419472, 0.5273990537277147], [0.9979409558532386, 0.046836195610834984, 0.04382113560243356, 0.8908495289075216], [-0.05314490199089032, 0.986310601234436, 0.15609911084175124, 0.4480141952760732], [0.0, 0.0, 0.0, 0.9999998211860657]], "0035": [[-0.07396494551178544, -0.2455467316054164, 0.9665588219519555, 0.5421239393542628], [0.9959516499682901, 0.03145964594909773, 0.0842061902616417, 0.8632800697154567], [-0.05108414217829687, 0.9688741564750671, 0.24222572147846236, 0.5648127764548008], [0.0, 0.0, 0.0, 0.9999998807907104]], "0036": [[-0.09672599802434576, -0.22868979978977833, 0.9686821113617358, 0.6004092764139556], [0.9944179448713989, 0.019018202234252032, 0.10378566521384446, 0.8238024858459868], [-0.04215731471776945, 0.9733135104179382, 0.22557364404201521, 0.5591193407858555], [0.0, 0.0, 0.0, 0.9999998807907104]], "0037": [[-0.1660218061417342, -0.07196865000634964, 0.9834924947867065, 0.6056802399681552], [0.9860215741631962, 0.002133786917720099, 0.1666048534128606, 0.829856870219856], [-0.014088890515267688, 0.9974046945571899, 0.070608362555504, 0.4193733319682451], [0.0, 0.0, 0.0, 0.9999999403953552]], "0038": [[-0.12824845542218233, -0.07389935242759697, 0.9889851465689287, 0.5448008409794124], [0.9909611260348842, -0.04911991077256618, 0.12483432711980062, 0.8306737095119411], [0.03935367614030855, 0.9960554242134094, 0.07953090965747849, 0.24127513021653613], [0.0, 0.0, 0.0, 0.9999999403953552]], "0039": [[-0.1813538168970372, -0.05980820579949777, 0.9815975710116439, 0.5977638633994667], [0.9763179399445373, -0.1306752454839127, 0.1724163540035929, 0.7746433365568771], [0.11795859038829819, 0.9896196126937866, 0.08209028095006958, 0.149550734464583], [0.0, 0.0, 0.0, 0.9999999403953552]], "0040": [[-0.09622104050834511, -0.004102200428384866, 0.9953516406275738, 0.6164687639741026], [0.9905052290000071, -0.099041354510764, 0.09534435481387957, 0.47281664846593624], [0.09818984568119066, 0.995074987411499, 0.013593113981187486, 0.17577200979417285], [0.0, 0.0, 0.0, 0.9999999403953552]], "0041": [[-0.0698962178248057, 0.02140578714940307, 0.9973247408071423, 0.48701723491256566], [0.9829385567057595, -0.16903699484726004, 0.07251600025546756, 0.3314715385636191], [0.17013701796531694, 0.9853773713111877, -0.00922551937401281, 0.21003246307373047], [0.0, 0.0, 0.0, 1.0]], "0042": [[0.0812037825573332, -0.07950839502536251, 0.9935212837600141, 0.43230165987030134], [0.9855010766024144, -0.14258810546101983, -0.09195913466940879, 0.12588994655942543], [0.14897581934928913, 0.9865836501121521, 0.06677689403295528, 0.2693934440612793], [0.0, 0.0, 0.0, 1.0]], "0043": [[0.26238917975455756, -0.32354484773945513, 0.9091043023244577, 0.28025427282736043], [0.9643110252794057, 0.12252361923161136, -0.23471768910546187, 0.18644570501925212], [-0.035445045679807455, 0.9382466673851013, 0.3441466689109803, 0.4309719190043779], [0.0, 0.0, 0.0, 0.9999999403953552]], "0044": [[0.6473108645789372, -0.37561168888060326, 0.6632529797178366, -0.015913370615602405], [0.7590262129666658, 0.3972950221231494, -0.5157867464363676, 0.16870362517452855], [-0.06977157294750191, 0.837300717830658, 0.5422723889350891, 0.4781647890890772], [0.0, 0.0, 0.0, 0.9999998807907104]], "0045": [[0.9152110331502241, -0.16325097589132076, 0.3684262505302974, -0.2214902646469264], [0.39444200323291817, 0.5500626592247904, -0.736102363272411, 0.06704804915291558], [-0.0824880897998808, 0.8190117478370668, 0.5678163766860961, 0.48512774557298055], [0.0, 0.0, 0.0, 0.9999999403953552]], "0046": [[0.9967931110068071, 0.0435994751944482, 0.06710164183785951, -0.4362233035851618], [0.02864111712225273, 0.5886075061244463, -0.8079116058830973, -0.03965359337844751], [-0.07472106069326388, 0.8072424530982972, 0.5854710340499877, 0.488472101100796], [0.0, 0.0, 0.0, 0.9999998807907104]], "0047": [[0.9118840608301655, 0.34501637848897887, -0.22233179683313517, -0.6081205074639217], [-0.39048782684625144, 0.5623732586938268, -0.728873022175248, -0.042891279976829], [-0.12643964588642115, 0.7514654397964479, 0.6475437879562377, 0.4795811757487618], [0.0, 0.0, 0.0, 0.9999999403953552]], "0048": [[0.7672693466261559, 0.5089512043816622, -0.3902134359746405, -0.8207097385136173], [-0.6285929326465542, 0.4761733644712379, -0.6149227096708062, 0.08864791139180164], [-0.1271563917398453, 0.7170966863632203, 0.6852762103080748, 0.4563299387777979], [0.0, 0.0, 0.0, 0.9999998807907104]], "0049": [[0.7780545305662442, 0.37120461489459045, -0.5067921310533303, -0.8718989205084905], [-0.6190421690475999, 0.3158319903512018, -0.7190528143792811, 0.12243426466736076], [-0.10685454308986665, 0.8731879591941835, 0.4755257964134214, 0.41061842144381355], [0.0, 0.0, 0.0, 0.9999998807907104]], "0050": [[0.7746792916742801, 0.2076546315931695, -0.597286922879575, -0.8621946545783036], [-0.6287340221186218, 0.15200634714947767, -0.7626189502050521, 0.06644770224727262], [-0.06756995618343355, 0.9663196206092834, 0.2483156472444532, 0.28526603878390144], [0.0, 0.0, 0.0, 0.9999998807907104]], "0051": [[0.7850031684115737, 0.10053284064617427, -0.611279901913503, -0.8911253588152669], [-0.6182422471068598, 0.06449563398525002, -0.783336915299692, 0.009086146407637925], [-0.03932619467377664, 0.9928410649299622, 0.11278291046619393, 0.1916455581911114], [0.0, 0.0, 0.0, 0.9999998211860657]], "0052": [[0.6952643217738962, 0.1027567731204281, -0.7113710895151072, -1.254100086179249], [-0.7176796212992927, 0.04514741031413027, -0.6949086038098389, -0.21059879873873005], [-0.03928999602794652, 0.9936814904212952, 0.10513578355312325, 0.11581927389329305], [0.0, 0.0, 0.0, 0.9999999403953552]], "0053": [[0.6495741745477466, 0.08590503556712295, -0.7554295378611469, -1.2946056087006894], [-0.7582385583762603, 0.00010922833506740513, -0.6519772018682528, -0.25375323240821623], [-0.05592560023069387, 0.9963032603263855, 0.06520745903253534, 0.11888134182345222], [0.0, 0.0, 0.0, 0.9999998807907104]], "0054": [[0.6303770474858877, 0.0928495265259247, -0.770716412208994, -1.2958008675596344], [-0.7732247171285606, -0.013029782693345067, -0.6339982910688716, -0.26054875487781837], [-0.06890868395566947, 0.99559485912323, 0.06357986479997614, 0.1188307970846827], [0.0, 0.0, 0.0, 0.9999998807907104]], "0055": [[0.6338331735782367, 0.16317857326439186, -0.756061183258337, -1.2675196180649628], [-0.7704600860079378, 0.04704837900421701, -0.6357499674037813, -0.25140108922177323], [-0.06816928833723075, 0.985474169254303, 0.15554337203502633, 0.16766339391892782], [0.0, 0.0, 0.0, 0.9999999403953552]], "0056": [[0.6396938416250306, 0.14766959735843993, -0.7543113052854911, -1.219239186829803], [-0.7677629165356445, 0.07616344022333092, -0.6361912922466831, -0.196236313816699], [-0.036495145410299364, 0.9860997796058655, 0.1620965152978895, 0.26446640194308113], [0.0, 0.0, 0.0, 0.9999998807907104]], "0057": [[0.6379097896785946, 0.12246129485171196, -0.7603120827974045, -1.1703817973320945], [-0.7699648547326373, 0.12066366621503209, -0.6265736594363311, -0.1292779148720212], [0.015011030249297556, 0.9851109385490417, 0.17126342654228188, 0.3418689936484034], [0.0, 0.0, 0.0, 0.9999998807907104]], "0058": [[0.6375112651730118, 0.17609017666866708, -0.7500477834098309, -1.1368661367120083], [-0.7704331498969684, 0.15011204330918942, -0.6195959764913488, -0.06618552549959193], [0.0034864468034356212, 0.9728610515594482, 0.23136378824710827, 0.42284375280564657], [0.0, 0.0, 0.0, 0.9999999403953552]], "0059": [[0.6241370278436401, 0.3353837739357445, -0.7056704497494427, -1.1052073761322354], [-0.7740510158773745, 0.14255135348267886, -0.6168664444277585, -0.04103318039393915], [-0.10629269480705268, 0.9312340617179872, 0.34857571125030495, 0.4781439885539376], [0.0, 0.0, 0.0, 0.9999999403953552]], "0060": [[0.6287615184980413, 0.29716765947909174, -0.7185752945114132, -1.1719276588127432], [-0.7763802593136336, 0.18820810515552716, -0.6015077756463453, -0.12140067782186807], [-0.04350695013999945, 0.9360926747322084, 0.34905308485031106, 0.4658349141520821], [0.0, 0.0, 0.0, 0.9999999403953552]], "0061": [[0.7424878376955318, 0.32551562395280564, -0.5854497673327091, -1.2558848342494227], [-0.6697156554864481, 0.3426141686616079, -0.6588600047119765, -0.3331033352479699], [-0.013885844498872788, 0.8812804818153382, 0.4723896980285643, 0.46548634618943563], [0.0, 0.0, 0.0, 0.9999999403953552]], "0062": [[0.7201738973521977, 0.4185367886988376, -0.5533325236866907, -1.2832341451783742], [-0.6900384283124595, 0.34922919535771163, -0.6339450166836964, -0.38314232972929635], [-0.072089396417141, 0.8383711576461793, 0.5403121113777158, 0.42489415258592], [0.0, 0.0, 0.0, 0.9999999403953552]], "0063": [[0.7628607623915212, 0.2307479006588566, -0.603986030118842, -1.29671634243291], [-0.6454430488089681, 0.21682157470085323, -0.732387810188721, -0.45479873455552483], [-0.038039736449718496, 0.9485483765602113, 0.3143392503261564, 0.37337428182786336], [0.0, 0.0, 0.0, 0.9999999403953552]], "0064": [[0.8890391707127286, 0.04507137997063551, -0.4556072447567308, -1.171928843117084], [-0.45170067677166287, 0.2486569257361301, -0.8568175056470254, -0.6731835892562698], [0.07467193901538852, 0.9675424098968506, 0.24142450094223, 0.3032952517355616], [0.0, 0.0, 0.0, 0.9999998807907104]], "0065": [[0.9038266701755217, 0.03166346198418579, -0.426725802936102, -1.0779838503422925], [-0.42636195612176414, 0.1510910520900914, -0.8918447127131767, -0.6958388169375963], [0.03623554855585102, 0.9880126118659973, 0.1500602066516874, 0.2954093188131983], [0.0, 0.0, 0.0, 0.9999998807907104]], "0066": [[0.9242852062182311, 0.033266870763135156, -0.38025052371472323, -0.9318233608609472], [-0.3806206404966169, 0.15529233496575, -0.9115988688711568, -0.7410406426444928], [0.028723947703838393, 0.9873083829879761, 0.1561964005231855, 0.2759507283610665], [0.0, 0.0, 0.0, 0.9999999403953552]], "0067": [[0.9524557216748432, 0.05114396239633517, -0.30035424265465366, -0.7260989696697727], [-0.3045986450947282, 0.1822714756386449, -0.9348780221520253, -0.8505745586983698], [0.006932637188583675, 0.9819173216819763, 0.18918387591838814, 0.2706106290263497], [0.0, 0.0, 0.0, 0.9999999403953552]], "0068": [[0.9660827384405923, 0.060720354700080297, -0.2509925586979453, -0.6722012791019288], [-0.2566452198771509, 0.11815171059956882, -0.9592566794273056, -0.8073905814139136], [-0.02859121188521378, 0.9911373257637024, 0.12972790002822857, 0.26284944713961433], [0.0, 0.0, 0.0, 0.9999998807907104]], "0069": [[0.9699399106091969, 0.02405842356939743, -0.24215247977655543, -0.5515465878309743], [-0.24320617411591727, 0.12941373439930184, -0.961302696168333, -0.8066430716644118], [0.008210432715714054, 0.9912987351417542, 0.13137467205524425, 0.22992050350558113], [0.0, 0.0, 0.0, 0.9999998807907104]], "0070": [[0.9910542399501775, -0.0186436973882356, -0.13215209191480135, -0.392155352870639], [-0.13092778656464868, 0.05617997900504726, -0.9897989632298041, -0.8541753250758864], [0.025877807289362054, 0.9982466697692871, 0.05323641747236232, 0.20042925924485555], [0.0, 0.0, 0.0, 0.9999999403953552]], "0071": [[0.9955560642836594, -0.03464593096822817, -0.08756813230903261, -0.3778202917833373], [-0.08876502424712746, -0.03466292433971775, -0.9954494818544759, -0.7808149350308327], [0.03145289793610584, 0.9987984895706177, -0.03758421912789364, 0.13737678527831942], [0.0, 0.0, 0.0, 1.0]], "0072": [[0.9944609979613773, 0.01659065120398453, -0.10378915449709927, -0.4437218989903933], [-0.10375128529430405, -0.0031320055696902457, -0.9945983815809881, -0.7107176796207005], [-0.01682610064744939, 0.9998574256896973, -0.0013933561276646424, 0.0497868642253243], [0.0, 0.0, 0.0, 0.9999999403953552]], "0073": [[0.9762711215284449, 0.019413115793246373, -0.2156804894143425, -0.6585344743574104], [-0.21506547703927822, -0.029595803265133152, -0.9761512786641929, -0.6297673409669221], [-0.025333371013402856, 0.9993734955787659, -0.024718433618545737, 0.0022314176005684416], [0.0, 0.0, 0.0, 0.9999999403953552]], "0074": [[0.9582018007771536, -0.03186514389623392, -0.2843134188001181, -0.8084782780597992], [-0.2858087212410906, -0.06228903632173543, -0.956260210664934, -0.47658454286310936], [0.012761759571731158, 0.9975494146347046, -0.06879278272390386, -0.06934631167996574], [0.0, 0.0, 0.0, 0.9999998807907104]], "0075": [[0.9412058588708533, -0.027453553466516074, -0.3367167379386979, -0.7345574685287002], [-0.3377778137131116, -0.058272987633281724, -0.9394203882844885, -0.3431071207679963], [0.006168934982270058, 0.9979232549667358, -0.06412006169557592, -0.18015956878662198], [0.0, 0.0, 0.0, 1.0]], "0076": [[0.8884519682359053, -0.0714080118639464, -0.45338101200183556, -0.7482811073507594], [-0.4589586522796256, -0.1451582954701714, -0.8765194918063917, -0.32465350312902846], [-0.0032214981038123105, 0.9868284463882446, -0.16173945367336295, -0.09798067956740031], [0.0, 0.0, 0.0, 0.9999999403953552]], "0077": [[0.9126806009474765, 0.09832006367018661, -0.3966703739196678, -0.7380101558385314], [-0.3791925853079655, -0.15823597051575145, -0.9116877124569, -0.3500134602586952], [-0.1524046808481216, 0.982494056224823, -0.10713663697242759, -0.022711160770541916], [0.0, 0.0, 0.0, 0.9999998807907104]], "0078": [[0.950205375554232, 0.2016774546028576, -0.23756326638832126, -0.5678770622211305], [-0.2436350406085627, 0.005465000088829131, -0.9698516822767738, -0.3898614564916733], [-0.194298893213272, 0.9794368147850037, 0.05432855710387209, 0.1072972402018868], [0.0, 0.0, 0.0, 0.9999999403953552]], "0079": [[0.9681056067899994, 0.16937998287238934, -0.18461386468069044, -0.5244242623250629], [-0.20284409817781782, 0.09738227976542094, -0.9743568063091488, -0.33632971484702584], [-0.14705839753150932, 0.9807279109954834, 0.12863399088382702, 0.21544009298508993], [0.0, 0.0, 0.0, 0.9999999403953552]], "0080": [[0.981546118193192, 0.13317737944329736, -0.13722675944744964, -0.4876216480822383], [-0.16522578601819154, 0.22937106900685839, -0.9592129258655936, -0.22663027419797407], [-0.09626961499452581, 0.9641849994659425, 0.24714259803295116, 0.32785188854586433], [0.0, 0.0, 0.0, 0.9999998807907104]], "0081": [[0.9977692957212704, 0.05102977973495523, 0.04303885153018054, -0.39300566713853496], [0.02705012894149015, 0.28035800111733156, -0.9595142898520436, -0.2030724188765169], [-0.06103008985519396, 0.9585381150245668, 0.27835220098495467, 0.3957532033366524], [0.0, 0.0, 0.0, 0.9999999403953552]], "0082": [[0.9936356549938083, 0.09009074152821865, 0.06761724039776112, -0.4286908771904319], [0.02806355511763373, 0.3833623331446344, -0.9231717516388213, -0.2641524732145661], [-0.10909111797809588, 0.9191938042640687, 0.37839415669441206, 0.4495361432475411], [0.0, 0.0, 0.0, 0.9999999403953552]], "0083": [[0.9720478581768238, 0.15366965553910641, 0.17750773792061506, -0.42280282867210334], [0.09033796185594668, 0.45304214602316784, -0.8869003000844532, -0.34217637462471434], [-0.21670809388160692, 0.8781450390815736, 0.4264962971210478, 0.4957097157878243], [0.0, 0.0, 0.0, 0.9999999403953552]], "0084": [[0.9425381639647765, -0.05711248300345412, 0.32918122021578117, -0.2987886685431312], [0.3037530780602941, 0.5567813676015197, -0.7731292821002134, -0.3117423655504729], [-0.1391265988349913, 0.8286935091018678, 0.5421356558799743, 0.48228674978440633], [0.0, 0.0, 0.0, 0.9999999403953552]], "0085": [[0.8984818003333217, -0.05562222489925942, 0.4354729774852805, -0.24320329535873203], [0.3783306391875719, 0.601297173143637, -0.7037810276483474, -0.21448815958753248], [-0.22270280122756939, 0.7970871329307557, 0.5612980723381041, 0.49722844213670125], [0.0, 0.0, 0.0, 0.9999999403953552]], "0086": [[0.6516256628866995, -0.433535722612397, 0.6224392665601187, -0.12950510392436826], [0.7525995219483662, 0.47201351330504593, -0.4591264809125821, -0.17186061152347304], [-0.09475201368331887, 0.7676261067390442, 0.6338548064231873, 0.48808693291448346], [0.0, 0.0, 0.0, 0.9999997615814209]], "0087": [[0.5309439167614104, -0.475806511821667, 0.7012181375850022, -0.0005513127115624573], [0.8374760596141778, 0.4209367803023682, -0.34849130069074263, -0.1570252542073411], [-0.1293540447950361, 0.7722826600074768, 0.6219702363014221, 0.5030401334208809], [0.0, 0.0, 0.0, 0.9999999403953552]], "0088": [[0.528774220752588, -0.48843577444244285, 0.6941386788417447, 0.02240132181110315], [0.8467318169359435, 0.24702471982316218, -0.4711944195978548, -0.11078876873678271], [0.05867879465222381, 0.8369046449661255, 0.5441942811012268, 0.4066417798442208], [0.0, 0.0, 0.0, 0.9999999403953552]], "0089": [[0.5113233999960192, -0.19690400760731896, 0.8365268810886125, 0.10226313685801795], [0.8593581940771041, 0.12531297506053526, -0.49578240994820283, -0.022088017241700328], [-0.007206126581877248, 0.9723813533782959, 0.233286514878273, 0.34071713537400594], [0.0, 0.0, 0.0, 0.9999999403953552]], "0090": [[0.6795639860785515, -0.2146099894180681, 0.7015236363827198, 0.12998040464807334], [0.7330559780869248, 0.1612799291571077, -0.6607705827671075, -0.05386528654200737], [0.028666289523244123, 0.9632918834686279, 0.2669211328029632, 0.2041436404074366], [0.0, 0.0, 0.0, 0.9999998807907104]], "0091": [[0.4777208018144098, -0.21442384045981355, 0.8519420952127729, 0.23869912450213623], [0.8781549399288427, 0.08891591686429702, -0.4700403828058932, 0.0012852175304078047], [0.02503664977848552, 0.9726851582527161, 0.23077431321144107, 0.13007461727511238], [0.0, 0.0, 0.0, 0.9999998807907104]], "0092": [[0.2495602550035079, -0.19458404579414407, 0.9486079580346622, 0.34262861073130524], [0.954653463960122, -0.11479527684185269, -0.2746982161381238, 0.14526828768990185], [0.16234757006168385, 0.9741454124450684, 0.15711195766925817, 0.07591676712036133], [0.0, 0.0, 0.0, 1.0]], "0093": [[0.2886283718455505, -0.22989098468101396, 0.9294320045556472, 0.35099340661397915], [0.9565101535452936, 0.026434066856062522, -0.2904989848852807, 0.23215144108725264], [0.04221441596746466, 0.9728572964668274, 0.22752265632152563, 0.12009823025118749], [0.0, 0.0, 0.0, 0.9999998807907104]], "0094": [[0.394466920144899, -0.1748733581022324, 0.9021170881953656, 0.4748518494551076], [0.9167264884169449, 0.1425312410732342, -0.37322580764119945, 0.24154015093480888], [-0.06331261247396447, 0.9742197394371033, 0.21653483808040624, 0.17674886883150975], [0.0, 0.0, 0.0, 0.9999998807907104]], "0095": [[0.26348780385726295, -0.1556365364022673, 0.9520249466832299, 0.7341847637576683], [0.9646420410038047, 0.036036680562220286, -0.26108847129584917, 0.35226679196740857], [0.00632708054035923, 0.9871568083763123, 0.15962876379489907, 0.18185740560716113], [0.0, 0.0, 0.0, 0.9999999403953552]], "0096": [[0.3231781979060734, -0.13115497466885198, 0.9372055568627005, 0.9051388775558996], [0.9462780835220217, 0.05595410279546184, -0.3184762248541339, 0.3768858543473493], [-0.010670758783817078, 0.9897814989089966, 0.1421921998262406, 0.19172793478196581], [0.0, 0.0, 0.0, 0.9999999403953552]], "0097": [[0.299329619311371, -0.2538121073770867, 0.9197725275345158, 0.9911764536880537], [0.9533000827157738, 0.03887674509535271, -0.2995127482842765, 0.3234535635645835], [0.04026218503713629, 0.9664720892906189, 0.25359597802162176, 0.21866923422044238], [0.0, 0.0, 0.0, 0.9999999403953552]], "0098": [[0.22959063702554172, -0.17854155306254937, 0.9567713233227773, 0.8777164193685182], [0.9732826027739467, 0.04521685710705422, -0.22511495619958966, 0.4120812284101583], [-0.0030698236078021838, 0.9828929305076599, 0.1841527074575425, 0.3668025121135088], [0.0, 0.0, 0.0, 0.9999999403953552]], "0099": [[0.2883149098460819, -0.15136544557806944, 0.9454961803897051, 0.8249814069423699], [0.9451664451535033, 0.20318799408262847, -0.25568577299693757, 0.4439292330385734], [-0.15341144800186135, 0.9673691987991333, 0.20164762437343606, 0.5368030652446123], [0.0, 0.0, 0.0, 0.9999999403953552]]}