{"K": [[1111.111111111111, 0, 400.0], [0.0, 1111.111111111111, 400.0], [0.0, 0.0, 1.0]], "0000": [[-0.9962230324745178, 0.02843170240521431, -0.08204509317874908, -0.2379307746887207], [-0.08683179318904877, -0.3261975347995758, 0.9413051605224609, 2.7297849655151367], [1.862645149230957e-09, 0.9448739886283875, 0.3274342715740204, 0.9495593905448914], [0.0, 0.0, 0.0, 1.0]], "0001": [[-0.6767100691795349, 0.6087793111801147, -0.41406673192977905, -1.2007935047149658], [-0.7362496256828308, -0.5595481395721436, 0.38058170676231384, 1.1036869287490845], [0.0, 0.5623999238014221, 0.8268654346466064, 2.397909641265869], [0.0, 0.0, 0.0, 1.0]], "0002": [[0.9234891533851624, -0.07296363264322281, 0.37662211060523987, 1.092203974723816], [0.38362473249435425, 0.17564332485198975, -0.9066319465637207, -2.629232406616211], [0.0, 0.9817463755607605, 0.19019532203674316, 0.5515663623809814], [0.0, 0.0, 0.0, 1.0]], "0003": [[-0.7267925143241882, 0.1771981567144394, -0.6636064052581787, -1.9244585037231445], [-0.6868571639060974, -0.18750084936618805, 0.7021899819374084, 2.036350965499878], [0.0, 0.9661491513252258, 0.2579840421676636, 0.7481537461280823], [0.0, 0.0, 0.0, 1.0]], "0004": [[-0.5757068991661072, -0.7120973467826843, 0.40184450149536133, 1.165349006652832], [0.8176561594009399, -0.5013835430145264, 0.28293633460998535, 0.8205153942108154], [0.0, 0.4914588928222656, 0.8709007501602173, 2.5256121158599854], [0.0, 0.0, 0.0, 1.0]], "0005": [[0.990689754486084, 0.11705488711595535, -0.06951307505369186, -0.20158791542053223], [-0.13613931834697723, 0.8518117666244507, -0.5058486461639404, -1.4669610261917114], [0.0, 0.5106024742126465, 0.8598169088363647, 2.493468999862671], [0.0, 0.0, 0.0, 1.0]], "0006": [[0.7641950845718384, -0.4603659212589264, 0.45174020528793335, 1.3100465536117554], [0.6449852585792542, 0.5454533696174622, -0.5352333784103394, -1.5521767139434814], [-1.4901161193847656e-08, 0.7003883719444275, 0.7137619256973267, 2.0699095726013184], [0.0, 0.0, 0.0, 1.0]], "0007": [[-0.9963624477386475, -0.001050577382557094, 0.08521085977554321, 0.2471114993095398], [0.08521733433008194, -0.012283368967473507, 0.9962867498397827, 2.8892314434051514], [1.1641530794914701e-10, 0.9999240636825562, 0.012328214012086391, 0.0357518196105957], [0.0, 0.0, 0.0, 1.0]], "0008": [[0.9996415376663208, 0.008216814137995243, -0.025484930723905563, -0.0739063024520874], [-0.026776816695928574, 0.3067529797554016, -0.9514123797416687, -2.759096145629883], [0.0, 0.9517537355422974, 0.3068629503250122, 0.8899025917053223], [0.0, 0.0, 0.0, 1.0]], "0009": [[0.9882108569145203, 0.11388672143220901, -0.1023196130990982, -0.29672688245773315], [-0.15309961140155792, 0.7351037263870239, -0.6604415774345398, -1.9152804613113403], [0.0, 0.6683204174041748, 0.7438734769821167, 2.1572329998016357], [0.0, 0.0, 0.0, 1.0]], "0010": [[-0.5553579926490784, -0.6792382001876831, 0.4798051416873932, 1.391434907913208], [0.8316115140914917, -0.4536016881465912, 0.3204183876514435, 0.929213285446167], [0.0, 0.576958417892456, 0.816773533821106, 2.368643283843994], [0.0, 0.0, 0.0, 1.0]], "0011": [[0.14894068241119385, -0.7017541527748108, 0.6966762542724609, 2.0203611850738525], [0.9888461828231812, 0.10569869726896286, -0.10493385791778564, -0.3043081760406494], [-7.450580596923828e-09, 0.7045345306396484, 0.7096697092056274, 2.058042049407959], [0.0, 0.0, 0.0, 1.0]], "0012": [[0.7657157182693481, -0.10175630450248718, 0.6350789070129395, 1.841728925704956], [0.6431792974472046, 0.12114257365465164, -0.7560719847679138, -2.1926088333129883], [0.0, 0.9874057769775391, 0.15820831060409546, 0.4588041305541992], [0.0, 0.0, 0.0, 1.0]], "0013": [[0.3939293622970581, 0.6545777916908264, -0.6452500820159912, -1.871225118637085], [-0.9191408157348633, 0.2805417478084564, -0.27654406428337097, -0.801977813243866], [-1.4901162970204496e-08, 0.7020143866539001, 0.7121627330780029, 2.0652718544006348], [0.0, 0.0, 0.0, 1.0]], "0014": [[-0.6931798458099365, 0.16506488621234894, -0.7016090750694275, -2.0346662998199463], [-0.720764696598053, -0.1587475836277008, 0.6747573018074036, 1.9567961692810059], [-7.450580596923828e-09, 0.9734232425689697, 0.22901354730129242, 0.6641392707824707], [0.0, 0.0, 0.0, 1.0]], "0015": [[0.9865367412567139, 0.10799909383058548, -0.12280653417110443, -0.3561389446258545], [-0.16353973746299744, 0.6514934301376343, -0.7408178448677063, -2.148371696472168], [-7.450580596923828e-09, 0.750927746295929, 0.6603843569755554, 1.9151145219802856], [0.0, 0.0, 0.0, 1.0]], "0016": [[-0.7324267625808716, -0.017327938228845596, -0.680625319480896, -1.9738134145736694], [-0.6808458566665649, 0.018640704452991486, 0.7321895360946655, 2.123349666595459], [9.313225746154785e-10, 0.9996760487556458, -0.025450607761740685, -0.0738067626953125], [0.0, 0.0, 0.0, 1.0]], "0017": [[0.6891158819198608, -0.3691745400428772, 0.6235619187355042, 1.808329463005066], [0.7246511578559875, 0.3510710597038269, -0.5929838418960571, -1.7196531295776367], [0.0, 0.8604994416236877, 0.5094514489173889, 1.4774091243743896], [0.0, 0.0, 0.0, 1.0]], "0018": [[0.014794266782701015, -0.2801365852355957, 0.9598461389541626, 2.7835538387298584], [0.9998905658721924, 0.004144868813455105, -0.014201773330569267, -0.04118514060974121], [0.0, 0.9599512219429016, 0.28016725182533264, 0.8124849796295166], [0.0, 0.0, 0.0, 1.0]], "0019": [[0.36923742294311523, 0.3977273106575012, -0.8399266600608826, -2.4357872009277344], [-0.9293351173400879, 0.1580224335193634, -0.33371421694755554, -0.9677712321281433], [-1.4901159417490817e-08, 0.9037931561470032, 0.427969753742218, 1.241112232208252], [0.0, 0.0, 0.0, 1.0]], "0020": [[0.6252802610397339, -0.4369927942752838, 0.6465771198272705, 1.8750735521316528], [0.7804003953933716, 0.3501317501068115, -0.5180570483207703, -1.5023653507232666], [2.980232594040899e-08, 0.8285197019577026, 0.5599598288536072, 1.6238834857940674], [0.0, 0.0, 0.0, 1.0]], "0021": [[-0.029405176639556885, -0.29743725061416626, 0.9542883634567261, 2.7674365043640137], [0.9995675683021545, -0.008749978616833687, 0.028073158115148544, 0.0814121663570404], [0.0, 0.9547012448310852, 0.29756593704223633, 0.8629412651062012], [0.0, 0.0, 0.0, 1.0]], "0022": [[-0.8826228380203247, 0.21019603312015533, -0.4204694330692291, -1.2193613052368164], [-0.4700818359851837, -0.3946628272533417, 0.789470911026001, 2.2894656658172607], [0.0, 0.894460141658783, 0.4471477270126343, 1.2967283725738525], [0.0, 0.0, 0.0, 1.0]], "0023": [[-0.4242427945137024, -0.844977080821991, 0.32562538981437683, 0.944313645362854], [0.9055485129356384, -0.3958654999732971, 0.15255308151245117, 0.4424039125442505], [0.0, 0.359589159488678, 0.9331107139587402, 2.7060210704803467], [0.0, 0.0, 0.0, 1.0]], "0024": [[-0.9550772309303284, 0.27909302711486816, -0.09967294335365295, -0.28905153274536133], [-0.29635724425315857, -0.8994394540786743, 0.3212182819843292, 0.9315330386161804], [7.450580596923828e-09, 0.3363269567489624, 0.9417452812194824, 2.7310612201690674], [0.0, 0.0, 0.0, 1.0]], "0025": [[0.12958993017673492, 0.5696924924850464, -0.811576783657074, -2.3535726070404053], [-0.9915677309036255, 0.07445423305034637, -0.10606656223535538, -0.3075930178165436], [3.725290742551124e-09, 0.8184784054756165, 0.5745372176170349, 1.6661579608917236], [0.0, 0.0, 0.0, 1.0]], "0026": [[0.80353844165802, 0.5383523106575012, -0.2539738714694977, -0.736524224281311], [-0.5952528715133667, 0.7267277836799622, -0.3428421914577484, -0.9942423701286316], [-1.4901161193847656e-08, 0.4266655743122101, 0.9044094681739807, 2.6227874755859375], [0.0, 0.0, 0.0, 1.0]], "0027": [[0.6198958158493042, 0.68841552734375, -0.3765810430049896, -1.0920850038528442], [-0.7846841812133789, 0.5438441634178162, -0.2974967658519745, -0.8627405762672424], [0.0, 0.479914128780365, 0.8773154616355896, 2.5442147254943848], [0.0, 0.0, 0.0, 1.0]], "0028": [[-0.04457631707191467, -0.571982204914093, 0.8190538883209229, 2.375256299972534], [0.9990059733390808, -0.025522232055664062, 0.0365467332303524, 0.10598552227020264], [1.862645149230957e-09, 0.8198688626289368, 0.5725513696670532, 1.6603989601135254], [0.0, 0.0, 0.0, 1.0]], "0029": [[-0.9207953810691833, -0.26521414518356323, 0.2860024571418762, 0.8294070959091187], [0.3900461196899414, -0.6261002421379089, 0.6751759648323059, 1.958010196685791], [0.0, 0.7332530617713928, 0.6799558997154236, 1.971872091293335], [0.0, 0.0, 0.0, 1.0]], "0030": [[0.6929476261138916, 0.5916582942008972, -0.4120243787765503, -1.1948707103729248], [-0.7209879159927368, 0.5686478018760681, -0.39600011706352234, -1.1484003067016602], [0.0, 0.5714719295501709, 0.8206216096878052, 2.379802703857422], [0.0, 0.0, 0.0, 1.0]], "0031": [[-0.41190558671951294, 0.4129696488380432, -0.8122744560241699, -2.3555960655212402], [-0.9112265110015869, -0.18667641282081604, 0.3671758770942688, 1.0648101568222046], [0.0, 0.8914079070091248, 0.45320194959640503, 1.3142857551574707], [0.0, 0.0, 0.0, 1.0]], "0032": [[0.6563476324081421, 0.4266573488712311, -0.6222309470176697, -1.8044697046279907], [-0.7544586658477783, 0.3711741268634796, -0.5413150191307068, -1.5698134899139404], [0.0, 0.8247383236885071, 0.5655145645141602, 1.6399922370910645], [0.0, 0.0, 0.0, 1.0]], "0033": [[-0.9604930281639099, -0.2580808103084564, 0.10415187478065491, 0.3020404577255249], [0.2783043682575226, -0.8906967639923096, 0.3594522774219513, 1.0424116849899292], [0.0, 0.3742373287677765, 0.9273329377174377, 2.689265727996826], [0.0, 0.0, 0.0, 1.0]], "0034": [[0.9152429103851318, 0.0544867217540741, -0.3992014229297638, -1.157684087753296], [-0.4029027223587036, 0.12377326190471649, -0.9068349599838257, -2.629821300506592], [0.0, 0.9908134341239929, 0.13523545861244202, 0.3921828269958496], [0.0, 0.0, 0.0, 1.0]], "0035": [[0.9995113611221313, 0.021493948996067047, -0.022698374465107918, -0.06582528352737427], [-0.03126029670238495, 0.6872438192367554, -0.725753903388977, -2.1046862602233887], [0.0, 0.726108729839325, 0.687579870223999, 1.9939815998077393], [0.0, 0.0, 0.0, 1.0]], "0036": [[0.0037864521145820618, -0.5288829207420349, 0.8486863970756531, 2.4611904621124268], [0.999992847442627, 0.0020026040729135275, -0.0032135332003235817, -0.0093192458152771], [0.0, 0.8486924767494202, 0.5288866758346558, 1.533771276473999], [0.0, 0.0, 0.0, 1.0]], "0037": [[-0.4403242766857147, 0.7619560360908508, -0.47490793466567993, -1.3772330284118652], [-0.897838830947876, -0.37368372082710266, 0.23290762305259705, 0.6754320859909058], [0.0, 0.5289456248283386, 0.8486557006835938, 2.461101531982422], [0.0, 0.0, 0.0, 1.0]], "0038": [[0.05647469684481621, 0.24086593091487885, -0.9689139723777771, -2.8098504543304443], [-0.9984040260314941, 0.013624574989080429, -0.05480659380555153, -0.15893912315368652], [0.0, 0.9704627990722656, 0.24125096201896667, 0.6996277570724487], [0.0, 0.0, 0.0, 1.0]], "0039": [[0.28777042031288147, -0.14038507640361786, 0.9473543763160706, 2.7473275661468506], [0.9576994180679321, 0.0421830415725708, -0.2846619188785553, -0.8255195617675781], [-3.7252898543727042e-09, 0.9891980290412903, 0.14658574759960175, 0.4250986576080322], [0.0, 0.0, 0.0, 1.0]], "0040": [[0.9218016862869263, -0.3457680940628052, 0.17528846859931946, 0.5083365440368652], [0.3876616656780243, 0.8221849203109741, -0.4168098568916321, -1.2087485790252686], [1.4901159417490817e-08, 0.4521685838699341, 0.891932487487793, 2.586604118347168], [0.0, 0.0, 0.0, 1.0]], "0041": [[-0.0905919298529625, -0.8625516891479492, 0.4977928400039673, 1.4435992240905762], [0.9958881735801697, -0.07846284657716751, 0.04528220370411873, 0.13131839036941528], [0.0, 0.49984803795814514, 0.8661130666732788, 2.511727809906006], [0.0, 0.0, 0.0, 1.0]], "0042": [[-0.03598842769861221, -0.261752188205719, 0.9644639492034912, 2.796945333480835], [0.999352216720581, -0.009426156990230083, 0.034732040017843246, 0.10072290897369385], [9.313224635931761e-10, 0.9650891423225403, 0.26192188262939453, 0.7595734596252441], [0.0, 0.0, 0.0, 1.0]], "0043": [[0.36005356907844543, -0.7064191102981567, 0.6093713641166687, 1.7671771049499512], [0.932931661605835, 0.272633820772171, -0.23517943918704987, -0.6820204257965088], [1.4901161193847656e-08, 0.6531791090965271, 0.7572034597396851, 2.195890188217163], [0.0, 0.0, 0.0, 1.0]], "0044": [[0.9610189199447632, 0.11649902909994125, -0.2507403790950775, -0.727147102355957], [-0.27648285031318665, 0.40493568778038025, -0.8715413808822632, -2.5274698734283447], [0.0, 0.9068930149078369, 0.4213608205318451, 1.221946358680725], [0.0, 0.0, 0.0, 1.0]], "0045": [[0.15174192190170288, -0.8926862478256226, 0.42436501383781433, 1.2306585311889648], [0.9884201288223267, 0.13704489171504974, -0.06514836847782135, -0.18893027305603027], [-3.725290298461914e-09, 0.4293365776538849, 0.9031445384025574, 2.619119167327881], [0.0, 0.0, 0.0, 1.0]], "0046": [[0.9809841513633728, -0.10669586062431335, 0.16212981939315796, 0.47017645835876465], [0.19408783316612244, 0.5392762422561646, -0.8194578289985657, -2.37642765045166], [0.0, 0.8353425860404968, 0.5497297048568726, 1.5942161083221436], [0.0, 0.0, 0.0, 1.0]], "0047": [[0.9324262738227844, -0.09247889369726181, 0.34932658076286316, 1.0130470991134644], [0.36136049032211304, 0.23862525820732117, -0.9013748168945312, -2.6139869689941406], [0.0, 0.9666982889175415, 0.2559186816215515, 0.7421641945838928], [0.0, 0.0, 0.0, 1.0]], "0048": [[-0.9284484386444092, 0.32850155234336853, -0.17340777814388275, -0.5028825402259827], [-0.37146133184432983, -0.8210726976394653, 0.433423787355423, 1.2569289207458496], [0.0, 0.4668259620666504, 0.8843492865562439, 2.564612865447998], [0.0, 0.0, 0.0, 1.0]], "0049": [[0.1222059577703476, 0.6907970905303955, -0.712646484375, -2.0666749477386475], [-0.9925048351287842, 0.08505703508853912, -0.08774732798337936, -0.25446727871894836], [-3.725290742551124e-09, 0.7180282473564148, 0.6960139274597168, 2.0184404850006104], [0.0, 0.0, 0.0, 1.0]], "0050": [[0.6780207753181458, -0.5644145011901855, 0.47087591886520386, 1.3655401468276978], [0.7350427508354187, 0.5206292271614075, -0.4343470335006714, -1.2596063613891602], [-1.4901162970204496e-08, 0.6406100988388062, 0.7678662538528442, 2.2268121242523193], [0.0, 0.0, 0.0, 1.0]], "0051": [[0.6210560202598572, 0.5716913938522339, -0.5361514091491699, -1.5548391342163086], [-0.7837661504745483, 0.4530080556869507, -0.42484620213508606, -1.2320539951324463], [0.0, 0.6840705871582031, 0.729415774345398, 2.1153056621551514], [0.0, 0.0, 0.0, 1.0]], "0052": [[0.2982847988605499, 0.44688278436660767, -0.8433989882469177, -2.445857286453247], [-0.9544769525527954, 0.1396559178829193, -0.26357170939445496, -0.7643580436706543], [0.0, 0.8836243152618408, 0.4681965410709381, 1.3577700853347778], [0.0, 0.0, 0.0, 1.0]], "0053": [[0.259162962436676, -0.11296304315328598, 0.9592047929763794, 2.781693935394287], [0.9658336639404297, 0.030311470851302147, -0.2573842406272888, -0.746414303779602], [0.0, 0.9931367039680481, 0.1169591099023819, 0.33918142318725586], [0.0, 0.0, 0.0, 1.0]], "0054": [[0.5034877061843872, 0.6171385645866394, -0.6046819090843201, -1.753577470779419], [-0.8640024662017822, 0.3596305549144745, -0.35237160325050354, -1.021877646446228], [-1.4901161193847656e-08, 0.6998614072799683, 0.7142786979675293, 2.071408271789551], [0.0, 0.0, 0.0, 1.0]], "0055": [[0.9464719295501709, 0.22987587749958038, -0.22660091519355774, -0.6571426391601562], [-0.3227861523628235, 0.6740409135818481, -0.6644381284713745, -1.926870584487915], [-1.4901161193847656e-08, 0.7020156979560852, 0.7121614813804626, 2.0652682781219482], [0.0, 0.0, 0.0, 1.0]], "0056": [[-0.026069780811667442, 0.22075261175632477, -0.9749813675880432, -2.8274459838867188], [-0.9996601343154907, -0.0057569281198084354, 0.025426190346479416, 0.07373595237731934], [4.656613428188905e-10, 0.9753127694129944, 0.22082765400409698, 0.6404001712799072], [0.0, 0.0, 0.0, 1.0]], "0057": [[-0.30467769503593445, 0.082542285323143, -0.9488720893859863, -2.7517290115356445], [-0.9524555206298828, -0.026404164731502533, 0.3035314083099365, 0.8802410960197449], [0.0, 0.9962377548217773, 0.08666260540485382, 0.25132155418395996], [0.0, 0.0, 0.0, 1.0]], "0058": [[-0.7050047516822815, -0.47369635105133057, 0.5278069376945496, 1.5306401252746582], [0.7092026472091675, -0.47089245915412903, 0.5246827602386475, 1.5215799808502197], [0.0, 0.7442258596420288, 0.6679280400276184, 1.9369912147521973], [0.0, 0.0, 0.0, 1.0]], "0059": [[0.04469398409128189, -0.7679880261421204, 0.6389028429985046, 1.8528181314468384], [0.9990007281303406, 0.03435877710580826, -0.028583675622940063, -0.08289265632629395], [0.0, 0.6395419239997864, 0.7687562108039856, 2.2293930053710938], [0.0, 0.0, 0.0, 1.0]], "0060": [[-0.6755343079566956, -0.547141969203949, 0.49425601959228516, 1.433342456817627], [0.7373285889625549, -0.5012869238853455, 0.45283329486846924, 1.3132165670394897], [-1.4901162970204496e-08, 0.6703335046768188, 0.7420599460601807, 2.1519737243652344], [0.0, 0.0, 0.0, 1.0]], "0061": [[0.45724180340766907, -0.6549980044364929, 0.6015875339508057, 1.7446038722991943], [0.8893424272537231, 0.33675721287727356, -0.3092970550060272, -0.8969614505767822], [1.4901161193847656e-08, 0.6764408349990845, 0.7364969253540039, 2.135841131210327], [0.0, 0.0, 0.0, 1.0]], "0062": [[0.5518741607666016, 0.5187713503837585, -0.6529251337051392, -1.8934828042984009], [-0.8339274525642395, 0.34331104159355164, -0.43209096789360046, -1.2530637979507446], [0.0, 0.7829520106315613, 0.6220821142196655, 1.804038166999817], [0.0, 0.0, 0.0, 1.0]], "0063": [[0.6944786310195923, -0.5912107825279236, 0.41008439660072327, 1.1892448663711548], [0.7195133566856384, 0.5706402063369751, -0.39581596851348877, -1.1478663682937622], [1.4901162970204496e-08, 0.5699469447135925, 0.8216814398765564, 2.382876396179199], [0.0, 0.0, 0.0, 1.0]], "0064": [[-0.5696482062339783, 0.3047490417957306, -0.7633013129234314, -2.213574171066284], [-0.8218887448310852, -0.21122050285339355, 0.5290414690971375, 1.5342204570770264], [0.0, 0.9287163019180298, 0.37079113721847534, 1.0752944946289062], [0.0, 0.0, 0.0, 1.0]], "0065": [[0.7276190519332886, -0.07768382877111435, 0.6815686225891113, 1.9765489101409912], [0.6859814524650574, 0.08239907771348953, -0.7229383587837219, -2.0965211391448975], [-3.725290298461914e-09, 0.9935671091079712, 0.11324480175971985, 0.32840991020202637], [0.0, 0.0, 0.0, 1.0]], "0066": [[-0.8995078206062317, -0.24295836687088013, 0.36312127113342285, 1.0530518293380737], [0.4369048774242401, -0.5002071857452393, 0.7476007342338562, 2.1680424213409424], [1.4901162970204496e-08, 0.8311221599578857, 0.5560898780822754, 1.6126608848571777], [0.0, 0.0, 0.0, 1.0]], "0067": [[-0.9960366487503052, 0.07180730253458023, -0.052484892308712006, -0.1522061824798584], [-0.08894354104995728, -0.8041360378265381, 0.5877535343170166, 1.7044851779937744], [0.0, 0.5900922417640686, 0.8073359131813049, 2.3412740230560303], [0.0, 0.0, 0.0, 1.0]], "0068": [[0.9981141090393066, 0.03290128707885742, -0.051823731511831284, -0.15028882026672363], [-0.0613856166601181, 0.5349663496017456, -0.8426403999328613, -2.443657159805298], [0.0, 0.8442324995994568, 0.5359771251678467, 1.5543335676193237], [0.0, 0.0, 0.0, 1.0]], "0069": [[-0.9957554340362549, 0.014458362013101578, -0.09089687466621399, -0.2636009454727173], [-0.09203960001468658, -0.1564217209815979, 0.9833925366401672, 2.8518385887145996], [0.0, 0.9875845313072205, 0.1570884883403778, 0.45555663108825684], [0.0, 0.0, 0.0, 1.0]], "0070": [[0.4323813319206238, -0.3056783974170685, 0.848296582698822, 2.4600601196289062], [0.9016909599304199, 0.14657975733280182, -0.4067775011062622, -1.1796547174453735], [-7.450581485102248e-09, 0.9407843351364136, 0.3390057384967804, 0.983116626739502], [0.0, 0.0, 0.0, 1.0]], "0071": [[0.9988410472869873, -0.018205992877483368, 0.0445559062063694, 0.1292121410369873], [0.048131976276636124, 0.3778131306171417, -0.9246299266815186, -2.681427001953125], [0.0, 0.9257029294967651, 0.37825146317481995, 1.0969293117523193], [0.0, 0.0, 0.0, 1.0]], "0072": [[-0.8747279047966003, -0.39524367451667786, 0.28041693568229675, 0.813209056854248], [0.4846145212650299, -0.7134137153625488, 0.5061517953872681, 1.4678401947021484], [0.0, 0.5786392092704773, 0.8155837059020996, 2.3651926517486572], [0.0, 0.0, 0.0, 1.0]], "0073": [[-0.6470600366592407, 0.5247727632522583, -0.5531065464019775, -1.6040090322494507], [-0.7624391913414001, -0.445359468460083, 0.46940553188323975, 1.3612761497497559], [0.0, 0.7254436612129211, 0.6882815957069397, 1.9960167407989502], [0.0, 0.0, 0.0, 1.0]], "0074": [[-0.564792811870575, -0.06473293155431747, 0.822689950466156, 2.385800838470459], [0.8252328634262085, -0.04430348798632622, 0.5630524754524231, 1.6328520774841309], [-3.725290742551124e-09, 0.9969186782836914, 0.07844201475381851, 0.22748184204101562], [0.0, 0.0, 0.0, 1.0]], "0075": [[0.39269331097602844, 0.8720792531967163, -0.2920101284980774, -0.846829354763031], [-0.919669508934021, 0.3723725378513336, -0.12468654662370682, -0.3615909814834595], [0.0, 0.3175162672996521, 0.94825279712677, 2.7499330043792725], [0.0, 0.0, 0.0, 1.0]], "0076": [[-0.16392776370048523, 0.21457907557487488, -0.9628517031669617, -2.7922701835632324], [-0.9864724278450012, -0.03565783426165581, 0.16000257432460785, 0.46400749683380127], [-3.725290742551124e-09, 0.9760555624961853, 0.21752160787582397, 0.6308127045631409], [0.0, 0.0, 0.0, 1.0]], "0077": [[-0.7560389637947083, 0.3729509711265564, -0.5378779768943787, -1.5598461627960205], [-0.6545267105102539, -0.4307928681373596, 0.6212988495826721, 1.8017666339874268], [1.4901162970204496e-08, 0.8217816948890686, 0.569802463054657, 1.6524271965026855], [0.0, 0.0, 0.0, 1.0]], "0078": [[-0.7855579853057861, 0.4119497239589691, -0.46173158288002014, -1.3390215635299683], [-0.6187880039215088, -0.5229745507240295, 0.5861731171607971, 1.6999019384384155], [-1.4901161193847656e-08, 0.7461869716644287, 0.6657364368438721, 1.930635690689087], [0.0, 0.0, 0.0, 1.0]], "0079": [[0.15030509233474731, 0.6595893502235413, -0.736444354057312, -2.1356887817382812], [-0.9886396527290344, 0.10027884691953659, -0.11196327954530716, -0.3246935307979584], [0.0, 0.7449067831039429, 0.6671685576438904, 1.9347889423370361], [0.0, 0.0, 0.0, 1.0]], "0080": [[-0.15011091530323029, 0.06930777430534363, -0.9862368106842041, -2.8600869178771973], [-0.988669216632843, -0.010523087345063686, 0.14974159002304077, 0.4342506527900696], [0.0, 0.9975398182868958, 0.07010208815336227, 0.20329606533050537], [0.0, 0.0, 0.0, 1.0]], "0081": [[-0.30234065651893616, -0.8897807002067566, 0.34187763929367065, 0.9914451837539673], [0.9531999826431274, -0.2822250425815582, 0.10843843221664429, 0.3144714832305908], [7.450581485102248e-09, 0.35866308212280273, 0.9334670305252075, 2.707054615020752], [0.0, 0.0, 0.0, 1.0]], "0082": [[-0.9921971559524536, -0.07719165831804276, 0.09790996462106705, 0.2839388847351074], [0.12467923760414124, -0.6142910718917847, 0.7791672945022583, 2.25958514213562], [3.725290298461914e-09, 0.7852948904037476, 0.6191219091415405, 1.7954535484313965], [0.0, 0.0, 0.0, 1.0]], "0083": [[0.9634762406349182, 0.22323398292064667, -0.14791932702064514, -0.42896604537963867], [-0.26779383420944214, 0.8031575679779053, -0.532188355922699, -1.5433462858200073], [0.0, 0.5523626804351807, 0.8336038589477539, 2.4174511432647705], [0.0, 0.0, 0.0, 1.0]], "0084": [[-0.15723739564418793, 0.5942298173904419, -0.7887758016586304, -2.287449836730957], [-0.9875608682632446, -0.09461203962564468, 0.12558723986148834, 0.36420297622680664], [-7.450581485102248e-09, 0.7987111210823059, 0.6017146706581116, 1.7449724674224854], [0.0, 0.0, 0.0, 1.0]], "0085": [[0.8026728630065918, 0.44634997844696045, -0.3955857455730438, -1.1471986770629883], [-0.5964196920394897, 0.6007062196731567, -0.5323867201805115, -1.5439214706420898], [1.4901162970204496e-08, 0.6632674336433411, 0.7483824491500854, 2.170309066772461], [0.0, 0.0, 0.0, 1.0]], "0086": [[-0.5371866822242737, -0.3507496416568756, 0.7670757174491882, 2.2245194911956787], [0.8434633612632751, -0.22338615357875824, 0.4885367751121521, 1.4167566299438477], [0.0, 0.9094356894493103, 0.41584455966949463, 1.2059491872787476], [0.0, 0.0, 0.0, 1.0]], "0087": [[0.051212508231401443, 0.011717184446752071, 0.998619019985199, 2.8959951400756836], [0.9986878633499146, -0.000600854807998985, -0.0512089803814888, -0.1485060453414917], [0.0, 0.999931275844574, -0.01173257827758789, -0.03402447700500488], [0.0, 0.0, 0.0, 1.0]], "0088": [[0.9504261612892151, -0.01725345104932785, 0.31047147512435913, 0.900367259979248], [0.31095051765441895, 0.052735500037670135, -0.9489619731903076, -2.7519896030426025], [0.0, 0.9984594583511353, 0.05548616871237755, 0.16090989112854004], [0.0, 0.0, 0.0, 1.0]], "0089": [[-0.2495848834514618, -0.8920234441757202, 0.37683096528053284, 1.0928099155426025], [0.9683530330657959, -0.22991155087947845, 0.09712502360343933, 0.28166258335113525], [0.0, 0.38914626836776733, 0.9211758971214294, 2.671410322189331], [0.0, 0.0, 0.0, 1.0]], "0090": [[-0.9125025868415833, -0.38792675733566284, 0.12981542944908142, 0.37646475434303284], [0.4090712070465088, -0.8653362989425659, 0.2895753085613251, 0.8397684097290039], [-7.450581485102248e-09, 0.31734198331832886, 0.9483111500740051, 2.7501025199890137], [0.0, 0.0, 0.0, 1.0]], "0091": [[-0.9793519377708435, 0.014648516662418842, -0.201631560921669, -0.5847315788269043], [-0.2021629810333252, -0.0709628090262413, 0.9767774939537048, 2.8326549530029297], [0.0, 0.9973713755607605, 0.07245893776416779, 0.21013092994689941], [0.0, 0.0, 0.0, 1.0]], "0092": [[0.5453304052352905, -0.5018793940544128, 0.6713656187057495, 1.94696044921875], [0.8382212519645691, 0.3265129625797272, -0.43677735328674316, -1.266654372215271], [-2.980232594040899e-08, 0.8009408712387085, 0.5987434387207031, 1.7363561391830444], [0.0, 0.0, 0.0, 1.0]], "0093": [[-0.7058882713317871, -0.1267687976360321, 0.6968868970870972, 2.02097225189209], [0.7083231806755066, -0.12633302807807922, 0.6944913268089294, 2.0140252113342285], [0.0, 0.9838544726371765, 0.17897027730941772, 0.5190138816833496], [0.0, 0.0, 0.0, 1.0]], "0094": [[-0.6799724698066711, -0.5620364546775818, 0.4709060490131378, 1.3656275272369385], [0.7332377433776855, -0.5212079286575317, 0.4366976022720337, 1.266422986984253], [-1.4901162970204496e-08, 0.642228364944458, 0.7665133476257324, 2.222888708114624], [0.0, 0.0, 0.0, 1.0]], "0095": [[-0.507491409778595, 0.6219692230224609, -0.5963277816772461, -1.7293505668640137], [-0.861656904220581, -0.36632218956947327, 0.35122013092041016, 1.0185383558273315], [1.4901161193847656e-08, 0.6920710802078247, 0.721829354763031, 2.0933051109313965], [0.0, 0.0, 0.0, 1.0]], "0096": [[0.9515796899795532, -0.20158137381076813, 0.23207995295524597, 0.6730318665504456], [0.30740225315093994, 0.6240056157112122, -0.7184155583381653, -2.083405017852783], [0.0, 0.754971444606781, 0.6557576060295105, 1.901697039604187], [0.0, 0.0, 0.0, 1.0]], "0097": [[-0.5496523380279541, 0.1839129477739334, -0.8148977756500244, -2.363203525543213], [-0.8353936076164246, -0.12100664526224136, 0.5361669659614563, 1.5548841953277588], [0.0, 0.975465714931488, 0.22015127539634705, 0.6384387016296387], [0.0, 0.0, 0.0, 1.0]], "0098": [[-0.7785066366195679, 0.35225406289100647, -0.5194655656814575, -1.5064501762390137], [-0.6276363730430603, -0.4369283616542816, 0.6443339586257935, 1.8685684204101562], [1.4901161193847656e-08, 0.827653706073761, 0.5612391233444214, 1.6275933980941772], [0.0, 0.0, 0.0, 1.0]], "0099": [[0.9762174487113953, -0.10661442577838898, 0.18876676261425018, 0.5474236011505127], [0.2167937457561493, 0.4800823926925659, -0.8500125408172607, -2.465036392211914], [0.0, 0.8707205653190613, 0.491778165102005, 1.4261566400527954], [0.0, 0.0, 0.0, 1.0]]}