{"K": [[1111.111111111111, 0, 400.0], [0.0, 1111.111111111111, 400.0], [0.0, 0.0, 1.0]], "0000": [[0.5487620830535889, -0.639997661113739, 0.5378320217132568, 1.9361954927444458], [0.835978627204895, 0.4201141595840454, -0.35304948687553406, -1.2709782123565674], [0.0, 0.6433562636375427, 0.765566885471344, 2.7560410499572754], [0.0, 0.0, 0.0, 1.0]], "0001": [[0.2679251730442047, 0.6085243225097656, -0.7469366192817688, -2.688971757888794], [-0.9634397625923157, 0.16922591626644135, -0.20771731436252594, -0.747782289981842], [0.0, 0.7752810716629028, 0.6316164135932922, 2.2738189697265625], [0.0, 0.0, 0.0, 1.0]], "0002": [[0.8161099553108215, -0.15609166026115417, 0.5564171075820923, 2.0031015872955322], [0.5778967142105103, 0.22043375670909882, -0.7857762575149536, -2.828794479370117], [7.450580596923828e-09, 0.962831437587738, 0.2701030373573303, 0.9723708629608154], [0.0, 0.0, 0.0, 1.0]], "0003": [[0.8653029203414917, 0.15677359700202942, -0.47610193490982056, -1.7139670848846436], [-0.5012494921684265, 0.27063697576522827, -0.8218908309936523, -2.9588072299957275], [0.0, 0.9498303532600403, 0.31276559829711914, 1.1259561777114868], [0.0, 0.0, 0.0, 1.0]], "0004": [[-0.7999059557914734, 0.4523836672306061, -0.39433419704437256, -1.4196032285690308], [-0.6001254320144653, -0.6029812693595886, 0.5256072282791138, 1.892186164855957], [0.0, 0.6570863723754883, 0.753815233707428, 2.7137351036071777], [0.0, 0.0, 0.0, 1.0]], "0005": [[-0.32662731409072876, -0.059927746653556824, 0.9432514905929565, 3.395705461502075], [0.9451531767845154, -0.020709911361336708, 0.3259701132774353, 1.173492431640625], [0.0, 0.9979878664016724, 0.06340532749891281, 0.22825920581817627], [0.0, 0.0, 0.0, 1.0]], "0006": [[-0.4508264660835266, 0.17798911035060883, -0.8746858835220337, -3.148869037628174], [-0.8926116228103638, -0.08989598602056503, 0.44177281856536865, 1.5903820991516113], [0.0, 0.979917585849762, 0.19940264523029327, 0.7178494930267334], [0.0, 0.0, 0.0, 1.0]], "0007": [[0.48341745138168335, -0.5990321040153503, 0.6383323073387146, 2.2979962825775146], [0.8753900527954102, 0.3308040201663971, -0.3525068163871765, -1.2690244913101196], [0.0, 0.72919762134552, 0.6843031644821167, 2.463491201400757], [0.0, 0.0, 0.0, 1.0]], "0008": [[-0.5833948254585266, 0.051445383578538895, -0.8105577826499939, -2.9180078506469727], [-0.8121887445449829, -0.03695319592952728, 0.5822232961654663, 2.096003770828247], [0.0, 0.9979919195175171, 0.0633416622877121, 0.22802996635437012], [0.0, 0.0, 0.0, 1.0]], "0009": [[-0.45765161514282227, 0.04503757506608963, -0.8879902362823486, -3.1967649459838867], [-0.8891317248344421, -0.023181626573204994, 0.45706406235694885, 1.6454306840896606], [-1.862645371275562e-09, 0.9987162947654724, 0.05065344274044037, 0.18235240876674652], [0.0, 0.0, 0.0, 1.0]], "0010": [[-0.08907808363437653, -0.308133065700531, 0.9471637606620789, 3.4097893238067627], [0.9960247278213501, -0.027557451277971268, 0.08470827341079712, 0.3049497604370117], [0.0, 0.9509440064430237, 0.30936291813850403, 1.1137064695358276], [0.0, 0.0, 0.0, 1.0]], "0011": [[-0.7582513689994812, -0.21148817241191864, 0.6167070865631104, 2.2201454639434814], [0.6519623398780823, -0.24596698582172394, 0.7172485589981079, 2.582094669342041], [0.0, 0.9459244608879089, 0.3243871331214905, 1.16779363155365], [0.0, 0.0, 0.0, 1.0]], "0012": [[-0.8473681211471558, -0.3385504484176636, 0.4090854525566101, 1.472707748413086], [0.5310060381889343, -0.540251612663269, 0.6528098583221436, 2.3501155376434326], [0.0, 0.7703970670700073, 0.6375643610954285, 2.295231819152832], [0.0, 0.0, 0.0, 1.0]], "0013": [[0.08566807955503464, 0.7696872353553772, -0.6326472163200378, -2.2775301933288574], [-0.996323823928833, 0.06618092209100723, -0.054397646337747574, -0.1958315372467041], [0.0, 0.6349814534187317, 0.7725272178649902, 2.7810981273651123], [0.0, 0.0, 0.0, 1.0]], "0014": [[0.7913505434989929, 0.3195362091064453, -0.5212111473083496, -1.8763600587844849], [-0.6113627552986145, 0.41360902786254883, -0.6746578812599182, -2.4287681579589844], [1.4901161193847656e-08, 0.8525398373603821, 0.5226622819900513, 1.8815840482711792], [0.0, 0.0, 0.0, 1.0]], "0015": [[-0.004086465574800968, 0.25138840079307556, -0.9678776264190674, -3.4843597412109375], [-0.9999916553497314, -0.0010272986255586147, 0.003955231513828039, 0.014238834381103516], [0.0, 0.9678856730461121, 0.2513904869556427, 0.9050058126449585], [0.0, 0.0, 0.0, 1.0]], "0016": [[-0.5593321919441223, 0.49979260563850403, -0.661328136920929, -2.3807811737060547], [-0.8289436101913452, -0.33723658323287964, 0.44623318314552307, 1.6064393520355225], [0.0, 0.7977963089942932, 0.6029271483421326, 2.1705377101898193], [0.0, 0.0, 0.0, 1.0]], "0017": [[0.7572459578514099, 0.23142985999584198, -0.6107526421546936, -2.198709487915039], [-0.6531298160552979, 0.2683223485946655, -0.7081133723258972, -2.549207925796509], [1.4901161193847656e-08, 0.9351167678833008, 0.35433974862098694, 1.275623083114624], [0.0, 0.0, 0.0, 1.0]], "0018": [[0.06636935472488403, 0.7866342067718506, -0.6138417720794678, -2.2098302841186523], [-0.9977951049804688, 0.05232376977801323, -0.04083031043410301, -0.146989107131958], [-3.7252898543727042e-09, 0.6151983141899109, 0.7883725166320801, 2.8381409645080566], [0.0, 0.0, 0.0, 1.0]], "0019": [[0.7751585841178894, 0.03315107896924019, -0.6308963298797607, -2.2712268829345703], [-0.631766676902771, 0.040675368160009384, -0.7740906476974487, -2.786726474761963], [0.0, 0.9986222982406616, 0.052473608404397964, 0.1889050006866455], [0.0, 0.0, 0.0, 1.0]], "0020": [[0.23373723030090332, -0.08011103421449661, 0.9689938426017761, 3.4883780479431152], [0.9722998142242432, 0.019258392974734306, -0.23294249176979065, -0.8385930061340332], [0.0, 0.9965997934341431, 0.0823933482170105, 0.2966160774230957], [0.0, 0.0, 0.0, 1.0]], "0021": [[0.36170488595962524, -0.6529086828231812, 0.6654922366142273, 2.3957719802856445], [0.9322926998138428, 0.25331127643585205, -0.25819337368011475, -0.9294960498809814], [1.4901161193847656e-08, 0.7138233184814453, 0.7003258466720581, 2.5211730003356934], [0.0, 0.0, 0.0, 1.0]], "0022": [[0.008210541680455208, -0.2727052867412567, 0.9620625376701355, 3.463425397872925], [0.9999663233757019, 0.0022391334641724825, -0.007899320684373379, -0.028437554836273193], [2.3283064365386963e-10, 0.9620950818061829, 0.27271443605422974, 0.9817720651626587], [0.0, 0.0, 0.0, 1.0]], "0023": [[0.659160852432251, 0.271045982837677, -0.7014563679695129, -2.525242805480957], [-0.752001941204071, 0.23758305609226227, -0.6148555874824524, -2.213479995727539], [1.4901161193847656e-08, 0.9327852129936218, 0.36043259501457214, 1.2975572347640991], [0.0, 0.0, 0.0, 1.0]], "0024": [[-0.16596168279647827, -0.3289215862751007, 0.9296598434448242, 3.3467752933502197], [0.9861322045326233, -0.05535604804754257, 0.15645763278007507, 0.5632474422454834], [3.725290298461914e-09, 0.9427333474159241, 0.3335471749305725, 1.2007697820663452], [0.0, 0.0, 0.0, 1.0]], "0025": [[0.14020587503910065, -0.7064507007598877, 0.6937361359596252, 2.4974498748779297], [0.9901224374771118, 0.10003665089607239, -0.09823621064424515, -0.3536503314971924], [0.0, 0.7006569504737854, 0.7134983539581299, 2.568593978881836], [0.0, 0.0, 0.0, 1.0]], "0026": [[0.8144378066062927, 0.1984853297472, -0.5452473759651184, -1.962890625], [-0.5802509188652039, 0.27859318256378174, -0.7653068900108337, -2.7551050186157227], [1.4901162970204496e-08, 0.9396751523017883, 0.342068076133728, 1.2314451932907104], [0.0, 0.0, 0.0, 1.0]], "0027": [[-0.8558620810508728, -0.09305716305971146, 0.5087637305259705, 1.8315492868423462], [0.517204225063324, -0.15398967266082764, 0.8418949842453003, 3.0308218002319336], [0.0, 0.9836807250976562, 0.17992344498634338, 0.6477243900299072], [0.0, 0.0, 0.0, 1.0]], "0028": [[0.9128044247627258, -0.13843156397342682, 0.38421979546546936, 1.3831912279129028], [0.40839704871177673, 0.309407114982605, -0.8587660789489746, -3.091557741165161], [-7.450580596923828e-09, 0.9407995939254761, 0.33896324038505554, 1.220267653465271], [0.0, 0.0, 0.0, 1.0]], "0029": [[-0.8732389807701111, 0.09392928332090378, -0.4781537353992462, -1.721353530883789], [-0.48729223012924194, -0.16832345724105835, 0.8568625450134277, 3.084705352783203], [0.0, 0.9812464714050293, 0.19275756180286407, 0.6939272880554199], [0.0, 0.0, 0.0, 1.0]], "0030": [[-0.9365788698196411, 0.2152605950832367, -0.27655571699142456, -0.9956005811691284], [-0.35045716166496277, -0.5752729773521423, 0.739081084728241, 2.660691738128662], [0.0, 0.7891285419464111, 0.6142280697822571, 2.2112209796905518], [0.0, 0.0, 0.0, 1.0]], "0031": [[-0.20770135521888733, -0.46966955065727234, 0.858062207698822, 3.0890238285064697], [0.9781923294067383, -0.09972579032182693, 0.18219392001628876, 0.6558980941772461], [-7.450580596923828e-09, 0.8771917223930359, 0.4801402688026428, 1.7285048961639404], [0.0, 0.0, 0.0, 1.0]], "0032": [[0.8005582094192505, -0.23337897658348083, 0.5519428253173828, 1.9869941473007202], [0.5992550849914551, 0.31177616119384766, -0.737352728843689, -2.6544697284698486], [0.0, 0.9210482835769653, 0.38944852352142334, 1.4020146131515503], [0.0, 0.0, 0.0, 1.0]], "0033": [[-0.588423490524292, -0.38075199723243713, 0.7132922410964966, 2.567852020263672], [0.8085530400276184, -0.2770918011665344, 0.5190975666046143, 1.868751049041748], [0.0, 0.8821836113929749, 0.47090551257133484, 1.6952598094940186], [0.0, 0.0, 0.0, 1.0]], "0034": [[0.9951526522636414, -0.04672738164663315, 0.08653190732002258, 0.31151485443115234], [0.09834235906600952, 0.4728468954563141, -0.8756395578384399, -3.1523022651672363], [0.0, 0.8799047470092773, 0.47515010833740234, 1.7105402946472168], [0.0, 0.0, 0.0, 1.0]], "0035": [[-0.25836434960365295, -0.4190555214881897, 0.8704254031181335, 3.133531332015991], [0.9660475254058838, -0.11207421123981476, 0.2327907234430313, 0.8380465507507324], [0.0, 0.9010171294212341, 0.4337835907936096, 1.561620831489563], [0.0, 0.0, 0.0, 1.0]], "0036": [[0.950808048248291, 0.22328676283359528, -0.21472594141960144, -0.7730133533477783], [-0.30978092551231384, 0.685332179069519, -0.659056544303894, -2.372603416442871], [-1.4901162970204496e-08, 0.6931541562080383, 0.72078937292099, 2.594841718673706], [0.0, 0.0, 0.0, 1.0]], "0037": [[-0.9788818359375, 0.08399927616119385, -0.18637235462665558, -0.6709404587745667], [-0.20442736148834229, -0.4022229313850403, 0.8924271464347839, 3.212737560272217], [0.0, 0.9116801619529724, 0.4109005033969879, 1.4792417287826538], [0.0, 0.0, 0.0, 1.0]], "0038": [[-0.7659356594085693, -0.019070370122790337, 0.6426342725753784, 2.313483238220215], [0.6429171562194824, -0.022719377651810646, 0.765598714351654, 2.756155252456665], [0.0, 0.9995600581169128, 0.029662253335118294, 0.10678410530090332], [0.0, 0.0, 0.0, 1.0]], "0039": [[0.7914862036705017, -0.16059960424900055, 0.5897096395492554, 2.1229546070098877], [0.6111871004104614, 0.20797617733478546, -0.7636728882789612, -2.7492222785949707], [7.450580596923828e-09, 0.9648594260215759, 0.26276668906211853, 0.9459600448608398], [0.0, 0.0, 0.0, 1.0]], "0040": [[-0.9817337989807129, 0.08215444535017014, -0.17160826921463013, -0.6177897453308105], [-0.19025969505310059, -0.42391425371170044, 0.8854930400848389, 3.187774896621704], [0.0, 0.9019686579704285, 0.43180158734321594, 1.5544856786727905], [0.0, 0.0, 0.0, 1.0]], "0041": [[-0.7374514937400818, 0.38091862201690674, -0.5577331781387329, -2.0078394412994385], [-0.6754001379013062, -0.41591495275497437, 0.6089740991592407, 2.1923067569732666], [1.4901161193847656e-08, 0.8257819414138794, 0.5639895796775818, 2.030362367630005], [0.0, 0.0, 0.0, 1.0]], "0042": [[-0.8740097880363464, -0.2572806179523468, 0.4122057557106018, 1.483940601348877], [0.4859083294868469, -0.4627740979194641, 0.7414399981498718, 2.6691839694976807], [1.4901161193847656e-08, 0.8483200073242188, 0.5294838547706604, 1.9061418771743774], [0.0, 0.0, 0.0, 1.0]], "0043": [[0.5981107950210571, -0.18354742228984833, 0.7801113724708557, 2.808401107788086], [0.8014135360717773, 0.13698507845401764, -0.5822126269340515, -2.095965623855591], [7.450581485102248e-09, 0.9734194874763489, 0.229029580950737, 0.8245065212249756], [0.0, 0.0, 0.0, 1.0]], "0044": [[0.9867203831672668, 0.05461755022406578, -0.1529698371887207, -0.5506913661956787], [-0.16242796182632446, 0.3317916989326477, -0.9292639493942261, -3.3453500270843506], [3.725290298461914e-09, 0.9417701959609985, 0.33625707030296326, 1.210525393486023], [0.0, 0.0, 0.0, 1.0]], "0045": [[-0.5761657357215881, -0.2489168792963028, 0.7785072326660156, 2.802626132965088], [0.8173329830169678, -0.17546993494033813, 0.5487961173057556, 1.9756660461425781], [-1.4901162970204496e-08, 0.9524970650672913, 0.3045476973056793, 1.0963717699050903], [0.0, 0.0, 0.0, 1.0]], "0046": [[-0.48020926117897034, -0.6814252138137817, 0.552321195602417, 1.988356113433838], [0.8771539926528931, -0.37305504083633423, 0.30237534642219543, 1.0885511636734009], [2.9802322387695312e-08, 0.6296741962432861, 0.7768594026565552, 2.796693801879883], [0.0, 0.0, 0.0, 1.0]], "0047": [[0.8676466941833496, 0.34768572449684143, -0.355392724275589, -1.2794137001037598], [-0.49718141555786133, 0.6067571043968201, -0.6202068328857422, -2.2327444553375244], [0.0, 0.7148150205612183, 0.6993136405944824, 2.517529010772705], [0.0, 0.0, 0.0, 1.0]], "0048": [[0.9069717526435852, -0.09669148921966553, 0.40994271636009216, 1.475793719291687], [0.4211914539337158, 0.20821042358875275, -0.8827492594718933, -3.1778972148895264], [0.0, 0.973292887210846, 0.22956661880016327, 0.8264397978782654], [0.0, 0.0, 0.0, 1.0]], "0049": [[0.9844970703125, -0.07690562307834625, 0.15764263272285461, 0.5675134658813477], [0.1754014641046524, 0.43165749311447144, -0.8848198652267456, -3.1853513717651367], [0.0, 0.8987531065940857, 0.43845492601394653, 1.5784376859664917], [0.0, 0.0, 0.0, 1.0]], "0050": [[0.7543703317642212, 0.39784926176071167, -0.5221508145332336, -1.8797428607940674], [-0.6564491987228394, 0.45719558000564575, -0.6000389456748962, -2.160140037536621], [0.0, 0.7954170107841492, 0.6060625910758972, 2.1818251609802246], [0.0, 0.0, 0.0, 1.0]], "0051": [[0.9829576015472412, 0.13489510118961334, -0.12489058077335358, -0.4496060609817505], [-0.18383237719535828, 0.7212883830070496, -0.6677939295768738, -2.4040579795837402], [-7.450580596923828e-09, 0.6793720126152039, 0.7337940335273743, 2.641658306121826], [0.0, 0.0, 0.0, 1.0]], "0052": [[0.7505761981010437, 0.40169593691825867, -0.5246672630310059, -1.8888020515441895], [-0.6607838869094849, 0.4562814235687256, -0.5959630012512207, -2.1454668045043945], [1.4901161193847656e-08, 0.7940073013305664, 0.6079081892967224, 2.188469409942627], [0.0, 0.0, 0.0, 1.0]], "0053": [[0.5847594738006592, -0.4255264401435852, 0.6906400918960571, 2.48630428314209], [0.8112068176269531, 0.30674129724502563, -0.497848778963089, -1.7922555208206177], [-2.9802322387695312e-08, 0.8513736724853516, 0.524559736251831, 1.8884148597717285], [0.0, 0.0, 0.0, 1.0]], "0054": [[-0.9101871848106384, 0.03170864284038544, -0.4129818081855774, -1.486734390258789], [-0.4141973555088043, -0.06967886537313461, 0.9075161218643188, 3.2670578956604004], [1.862645371275562e-09, 0.9970653653144836, 0.07655444741249084, 0.2755959928035736], [0.0, 0.0, 0.0, 1.0]], "0055": [[0.39397186040878296, -0.5471475124359131, 0.7385227084159851, 2.658681631088257], [0.919122576713562, 0.2345288097858429, -0.31655970215797424, -1.1396148204803467], [0.0, 0.803508460521698, 0.595293402671814, 2.1430561542510986], [0.0, 0.0, 0.0, 1.0]], "0056": [[0.999927282333374, 0.003410549834370613, -0.011571976356208324, -0.04165911674499512], [-0.012064100243151188, 0.28268182277679443, -0.9591378569602966, -3.4528965950012207], [0.0, 0.9592076539993286, 0.28270241618156433, 1.0177288055419922], [0.0, 0.0, 0.0, 1.0]], "0057": [[0.48155608773231506, 0.27471408247947693, -0.8322475552558899, -2.99609112739563], [-0.8764152526855469, 0.15094469487667084, -0.45728763937950134, -1.646235466003418], [0.0, 0.9496041536331177, 0.31345194578170776, 1.1284269094467163], [0.0, 0.0, 0.0, 1.0]], "0058": [[-0.5416191816329956, -0.565737783908844, 0.6217632293701172, 2.2383475303649902], [0.8406240344047546, -0.3645083010196686, 0.40060582756996155, 1.442180871963501], [0.0, 0.7396447658538818, 0.6729974746704102, 2.422790765762329], [0.0, 0.0, 0.0, 1.0]], "0059": [[0.558596134185791, -0.23089979588985443, 0.7966527938842773, 2.867949962615967], [0.8294398784637451, 0.15550221502780914, -0.5365152955055237, -1.9314548969268799], [0.0, 0.9604709148406982, 0.2783803939819336, 1.0021693706512451], [0.0, 0.0, 0.0, 1.0]], "0060": [[-0.15615113079547882, -0.15345549583435059, 0.9757398962974548, 3.5126633644104004], [0.9877331852912903, -0.024259841069579124, 0.15425510704517365, 0.5553183555603027], [1.862645149230957e-09, 0.9878576993942261, 0.15536129474639893, 0.5593006610870361], [0.0, 0.0, 0.0, 1.0]], "0061": [[-0.8977220058441162, 0.009252631105482578, 0.4404652416706085, 1.58567476272583], [0.4405624270439148, 0.01885383203625679, 0.8975239992141724, 3.231086254119873], [0.0, 0.9997793436050415, -0.02100186236202717, -0.07560670375823975], [0.0, 0.0, 0.0, 1.0]], "0062": [[0.9230507612228394, -0.3005245327949524, 0.240130215883255, 0.8644688129425049], [0.3846784830093384, 0.7211201190948486, -0.5762016177177429, -2.0743260383605957], [0.0, 0.6242361068725586, 0.7812356352806091, 2.812448501586914], [0.0, 0.0, 0.0, 1.0]], "0063": [[-0.6821155548095703, 0.06103032827377319, -0.7286931872367859, -2.623295307159424], [-0.7312444448471069, -0.05692998319864273, 0.6797357201576233, 2.4470484256744385], [3.7252898543727042e-09, 0.9965111017227173, 0.08346091210842133, 0.30045926570892334], [0.0, 0.0, 0.0, 1.0]], "0064": [[-0.9527671337127686, 0.16429638862609863, -0.25542423129081726, -0.9195272922515869], [-0.30370190739631653, -0.5154271125793457, 0.8013114333152771, 2.884721279144287], [0.0, 0.8410359621047974, 0.5409790873527527, 1.9475247859954834], [0.0, 0.0, 0.0, 1.0]], "0065": [[-0.9044200778007507, -0.11795908957719803, 0.4100121557712555, 1.476043701171875], [0.4266430139541626, -0.25005578994750977, 0.8691650629043579, 3.1289939880371094], [-7.4505797087454084e-09, 0.9610191583633423, 0.2764819264411926, 0.9953348636627197], [0.0, 0.0, 0.0, 1.0]], "0066": [[-0.9642597436904907, -0.1431010365486145, 0.22299182415008545, 0.8027705550193787], [0.2649590075016022, -0.5207846164703369, 0.8115295171737671, 2.92150616645813], [-7.450581485102248e-09, 0.8416088223457336, 0.5400875210762024, 1.944314956665039], [0.0, 0.0, 0.0, 1.0]], "0067": [[0.5014408230781555, -0.5083544850349426, 0.7000948786735535, 2.520341634750366], [0.8651919364929199, 0.2946278750896454, -0.4057552218437195, -1.4607188701629639], [2.9802322387695312e-08, 0.8091787099838257, 0.587562620639801, 2.1152255535125732], [0.0, 0.0, 0.0, 1.0]], "0068": [[0.03808218240737915, -0.7180874347686768, 0.6949102282524109, 2.5016767978668213], [0.9992746114730835, 0.027366187423467636, -0.02648290805518627, -0.09533846378326416], [-1.862645149230957e-09, 0.6954146027565002, 0.7186087369918823, 2.586991310119629], [0.0, 0.0, 0.0, 1.0]], "0069": [[0.944465696811676, -0.0695120319724083, 0.3211737871170044, 1.1562256813049316], [0.32861000299453735, 0.19978617131710052, -0.9230930805206299, -3.3231353759765625], [-7.450581485102248e-09, 0.9773706793785095, 0.21153351664543152, 0.7615206837654114], [0.0, 0.0, 0.0, 1.0]], "0070": [[-0.5965702533721924, -0.3473282754421234, 0.723510205745697, 2.6046366691589355], [0.8025608062744141, -0.2581807076931, 0.5378093123435974, 1.9361133575439453], [0.0, 0.9015019536018372, 0.4327750504016876, 1.5579900741577148], [0.0, 0.0, 0.0, 1.0]], "0071": [[0.002760775852948427, 0.6758854985237122, -0.7370014786720276, -2.653205394744873], [-0.9999961853027344, 0.001865975558757782, -0.0020347037352621555, -0.007324934005737305], [0.0, 0.737004280090332, 0.6758880019187927, 2.433197021484375], [0.0, 0.0, 0.0, 1.0]], "0072": [[-0.994245707988739, 0.030573029071092606, -0.10266807675361633, -0.36960506439208984], [-0.10712350904941559, -0.2837575674057007, 0.9528935551643372, 3.4304165840148926], [0.0, 0.9584084749221802, 0.28539982438087463, 1.0274393558502197], [0.0, 0.0, 0.0, 1.0]], "0073": [[0.006558239459991455, 0.6180580854415894, -0.7861050963401794, -2.8299782276153564], [-0.9999785423278809, 0.004053459968417883, -0.005155576393008232, -0.018560074269771576], [-2.3283064365386963e-10, 0.7861219644546509, 0.618071436882019, 2.2250571250915527], [0.0, 0.0, 0.0, 1.0]], "0074": [[0.8081430196762085, 0.3222838044166565, -0.4929888844490051, -1.774760127067566], [-0.588986337184906, 0.44220274686813354, -0.6764256954193115, -2.4351327419281006], [-1.4901162970204496e-08, 0.8370124101638794, 0.5471838116645813, 1.9698617458343506], [0.0, 0.0, 0.0, 1.0]], "0075": [[-0.9952231645584106, -0.03526325896382332, 0.09103522449731827, 0.3277268409729004], [0.09762638062238693, -0.3594807982444763, 0.9280315637588501, 3.340913772583008], [0.0, 0.9324859380722046, 0.3612062633037567, 1.3003426790237427], [0.0, 0.0, 0.0, 1.0]], "0076": [[0.27384933829307556, 0.5547850728034973, -0.7856335639953613, -2.8282809257507324], [-0.9617726802825928, 0.15796613693237305, -0.2236965447664261, -0.8053076267242432], [0.0, 0.8168599605560303, 0.5768359899520874, 2.0766096115112305], [0.0, 0.0, 0.0, 1.0]], "0077": [[0.1397704780101776, -0.3698725700378418, 0.9185088872909546, 3.3066318035125732], [0.99018394947052, 0.052209753543138504, -0.12965309619903564, -0.4667510986328125], [3.725290298461914e-09, 0.9276143908500671, 0.3735392689704895, 1.3447413444519043], [0.0, 0.0, 0.0, 1.0]], "0078": [[0.9907723665237427, 0.06785868853330612, -0.1173257902264595, -0.42237281799316406], [-0.13553650677204132, 0.49604731798171997, -0.8576520085334778, -3.0875470638275146], [3.725290298461914e-09, 0.8656398057937622, 0.5006673336029053, 1.802402377128601], [0.0, 0.0, 0.0, 1.0]], "0079": [[-0.9690596461296082, -0.11540958285331726, 0.2181837111711502, 0.78546142578125], [0.2468268871307373, -0.4531061053276062, 0.8566045165061951, 3.0837764739990234], [0.0, 0.8839544057846069, 0.46757304668426514, 1.6832630634307861], [0.0, 0.0, 0.0, 1.0]], "0080": [[-0.9996047616004944, -0.011297769844532013, 0.025744572281837463, 0.09268045425415039], [0.028114456683397293, -0.4016903042793274, 0.9153439402580261, 3.2952380180358887], [0.0, 0.9157059192657471, 0.4018491804599762, 1.4466569423675537], [0.0, 0.0, 0.0, 1.0]], "0081": [[0.5906488299369812, 0.4596285820007324, -0.6632311344146729, -2.387631893157959], [-0.8069286942481995, 0.3364350497722626, -0.4854663014411926, -1.7476786375045776], [1.4901159417490817e-08, 0.8219203948974609, 0.5696024894714355, 2.0505688190460205], [0.0, 0.0, 0.0, 1.0]], "0082": [[0.007623843848705292, -0.020494261756539345, -0.9997609257698059, -3.5991392135620117], [-0.9999709725379944, -0.00015624958905391395, -0.00762224243953824, -0.02744007110595703], [0.0, 0.9997899532318115, -0.020494859665632248, -0.07378149032592773], [0.0, 0.0, 0.0, 1.0]], "0083": [[0.9560140371322632, -0.22203654050827026, 0.1916687935590744, 0.6900076866149902], [0.293320894241333, 0.7236785292625427, -0.6247016787528992, -2.2489261627197266], [0.0, 0.6534441113471985, 0.7569748163223267, 2.725109577178955], [0.0, 0.0, 0.0, 1.0]], "0084": [[-0.941405177116394, 0.11558698117733002, -0.3168533444404602, -1.1406720876693726], [-0.33727791905403137, -0.32262468338012695, 0.8843963742256165, 3.1838271617889404], [0.0, 0.9394429326057434, 0.34270545840263367, 1.2337397336959839], [0.0, 0.0, 0.0, 1.0]], "0085": [[0.9567978382110596, -0.1455187350511551, 0.25171878933906555, 0.9061876535415649], [0.2907542884349823, 0.478864848613739, -0.8283419013023376, -2.9820311069488525], [-1.4901162970204496e-08, 0.8657440543174744, 0.5004869699478149, 1.8017531633377075], [0.0, 0.0, 0.0, 1.0]], "0086": [[0.11211728304624557, 0.16750073432922363, -0.9794759750366211, -3.526113748550415], [-0.9936950206756592, 0.01889888569712639, -0.11051297187805176, -0.3978467285633087], [0.0, 0.9856908321380615, 0.16856351494789124, 0.6068286895751953], [0.0, 0.0, 0.0, 1.0]], "0087": [[-0.7428065538406372, 0.026305533945560455, -0.6689891815185547, -2.4083609580993652], [-0.6695061326026917, -0.029185576364398003, 0.7422329783439636, 2.6720385551452637], [0.0, 0.9992278814315796, 0.03929095342755318, 0.14144742488861084], [0.0, 0.0, 0.0, 1.0]], "0088": [[-0.10844273120164871, 0.3612683415412903, -0.9261346459388733, -3.3340845108032227], [-0.9941027760505676, -0.0394093282520771, 0.10102835297584534, 0.36370205879211426], [0.0, 0.9316288232803345, 0.36341145634651184, 1.3082811832427979], [0.0, 0.0, 0.0, 1.0]], "0089": [[0.8768166899681091, -0.2415236532688141, 0.4157629907131195, 1.4967468976974487], [0.48082491755485535, 0.4404347240924835, -0.7581719160079956, -2.729418992996216], [0.0, 0.8646869659423828, 0.5023110508918762, 1.8083199262619019], [0.0, 0.0, 0.0, 1.0]], "0090": [[0.5976706147193909, -0.17500124871730804, 0.7824094295501709, 2.816673755645752], [0.8017417788505554, 0.13045734167099, -0.5832589864730835, -2.0997321605682373], [0.0, 0.9758869409561157, 0.21827632188796997, 0.785794734954834], [0.0, 0.0, 0.0, 1.0]], "0091": [[-0.9624897837638855, -0.06107806786894798, 0.26435399055480957, 0.9516744613647461], [0.271318256855011, -0.21667182445526123, 0.9377844333648682, 3.3760242462158203], [3.725291186640334e-09, 0.9743319153785706, 0.22511598467826843, 0.8104175925254822], [0.0, 0.0, 0.0, 1.0]], "0092": [[-0.9149034023284912, 0.31965842843055725, -0.246516153216362, -0.887458086013794], [-0.40367281436920166, -0.7244892120361328, 0.5587160587310791, 2.0113778114318848], [0.0, 0.610683023929596, 0.7918751835823059, 2.85075044631958], [0.0, 0.0, 0.0, 1.0]], "0093": [[-0.21743151545524597, 0.4220091998577118, -0.8801316618919373, -3.1684741973876953], [-0.9760756492614746, -0.09400716423988342, 0.1960589438676834, 0.7058122158050537], [-7.450581485102248e-09, 0.9017044305801392, 0.4323529899120331, 1.5564708709716797], [0.0, 0.0, 0.0, 1.0]], "0094": [[-0.9862260818481445, 0.06802531331777573, -0.1507672369480133, -0.542762041091919], [-0.16540315747261047, -0.4056049585342407, 0.8989585638046265, 3.236250638961792], [-3.725290298461914e-09, 0.9115136861801147, 0.41126978397369385, 1.4805711507797241], [0.0, 0.0, 0.0, 1.0]], "0095": [[0.8387854099273682, -0.050577614456415176, 0.542107880115509, 1.9515883922576904], [0.5444622039794922, 0.07791866362094879, -0.8351584672927856, -3.00657057762146], [0.0, 0.9956759810447693, 0.09289462864398956, 0.33442068099975586], [0.0, 0.0, 0.0, 1.0]], "0096": [[0.772952675819397, 0.17691059410572052, -0.6093002557754517, -2.193480968475342], [-0.6344636678695679, 0.21552614867687225, -0.742296576499939, -2.6722679138183594], [0.0, 0.9603391289710999, 0.27883481979370117, 1.00380539894104], [0.0, 0.0, 0.0, 1.0]], "0097": [[-0.795658528804779, -0.224540114402771, 0.562591552734375, 2.02532958984375], [0.6057454943656921, -0.2949378192424774, 0.7389750480651855, 2.6603100299835205], [-1.4901161193847656e-08, 0.9287591576576233, 0.3706839084625244, 1.33446204662323], [0.0, 0.0, 0.0, 1.0]], "0098": [[-0.15163713693618774, 0.17209236323833466, -0.973339855670929, -3.504023313522339], [-0.9884362816810608, -0.026400884613394737, 0.14932116866111755, 0.5375561714172363], [-1.862645149230957e-09, 0.9847270250320435, 0.1741056740283966, 0.6267803907394409], [0.0, 0.0, 0.0, 1.0]], "0099": [[-0.20309177041053772, 0.4266829788684845, -0.8813031911849976, -3.172691583633423], [-0.9791597127914429, -0.08850016444921494, 0.18279491364955902, 0.6580617427825928], [0.0, 0.9000607132911682, 0.4357644319534302, 1.5687520503997803], [0.0, 0.0, 0.0, 1.0]]}