{
    "K": [
        [
            1111.111111111111,
            0,
            400.0
        ],
        [
            0.0,
            1111.111111111111,
            400.0
        ],
        [
            0.0,
            0.0,
            1.0
        ]
    ],
    "0000": [
        [
            0.960970401763916,
            0.2017400562763214,
            -0.18930624425411224,
            -0.5679187774658203
        ],
        [
            -0.2766512334346771,
            0.7007603645324707,
            -0.6575705409049988,
            -1.9727118015289307
        ],
        [
            0.0,
            0.6842777132987976,
            0.729221522808075,
            2.187664747238159
        ],
        [
            0.0,
            0.0,
            0.0,
            1.0
        ]
    ],
    "0001": [
        [
            0.9591432809829712,
            0.15380164980888367,
            -0.23746421933174133,
            -0.7123926281929016
        ],
        [
            -0.28292083740234375,
            0.5214101672172546,
            -0.8050386309623718,
            -2.4151158332824707
        ],
        [
            -7.450580596923828e-09,
            0.8393309712409973,
            0.543620765209198,
            1.6308622360229492
        ],
        [
            0.0,
            0.0,
            0.0,
            1.0
        ]
    ],
    "0002": [
        [
            -0.9003013372421265,
            -0.3592757284641266,
            0.24572065472602844,
            0.7371619343757629
        ],
        [
            0.4352674186229706,
            -0.7431211471557617,
            0.5082453489303589,
            1.5247360467910767
        ],
        [
            0.0,
            0.5645279884338379,
            0.8254138827323914,
            2.4762415885925293
        ],
        [
            0.0,
            0.0,
            0.0,
            1.0
        ]
    ],
    "0003": [
        [
            0.7906052470207214,
            0.15232469141483307,
            -0.5930772423744202,
            -1.7792315483093262
        ],
        [
            -0.6123262047767639,
            0.19667409360408783,
            -0.7657519578933716,
            -2.297255516052246
        ],
        [
            0.0,
            0.9685641527175903,
            0.24876399338245392,
            0.7462918758392334
        ],
        [
            0.0,
            0.0,
            0.0,
            1.0
        ]
    ],
    "0004": [
        [
            -0.11017690598964691,
            -0.8235238790512085,
            0.5564796328544617,
            1.6694388389587402
        ],
        [
            0.9939119815826416,
            -0.09128908812999725,
            0.06168675422668457,
            0.1850602626800537
        ],
        [
            3.7252898543727042e-09,
            0.5598881840705872,
            0.828568160533905,
            2.4857044219970703
        ],
        [
            0.0,
            0.0,
            0.0,
            1.0
        ]
    ],
    "0005": [
        [
            -0.993963360786438,
            -0.016325034201145172,
            0.10849221795797348,
            0.32547664642333984
        ],
        [
            0.1097135841846466,
            -0.1478985995054245,
            0.9828982353210449,
            2.9486947059631348
        ],
        [
            0.0,
            0.9888677597045898,
            0.14879684150218964,
            0.4463905096054077
        ],
        [
            0.0,
            0.0,
            0.0,
            1.0
        ]
    ],
    "0006": [
        [
            0.8991650938987732,
            -0.26925674080848694,
            0.3449680805206299,
            1.0349042415618896
        ],
        [
            0.43760964274406433,
            0.5532470941543579,
            -0.7088127136230469,
            -2.1264381408691406
        ],
        [
            1.4901161193847656e-08,
            0.7883010506629944,
            0.6152898073196411,
            1.8458694219589233
        ],
        [
            0.0,
            0.0,
            0.0,
            1.0
        ]
    ],
    "0007": [
        [
            -0.9667450189590454,
            -0.12942855060100555,
            0.22057312726974487,
            0.6617194414138794
        ],
        [
            0.2557425796985626,
            -0.48925915360450745,
            0.8337992429733276,
            2.5013978481292725
        ],
        [
            -7.450581485102248e-09,
            0.8624811172485352,
            0.5060892105102539,
            1.5182677507400513
        ],
        [
            0.0,
            0.0,
            0.0,
            1.0
        ]
    ],
    "0008": [
        [
            -0.4651678502559662,
            -0.7139660120010376,
            0.523327112197876,
            1.569981336593628
        ],
        [
            0.8852225542068481,
            -0.3751757740974426,
            0.27499857544898987,
            0.8249956965446472
        ],
        [
            1.4901162970204496e-08,
            0.5911814570426941,
            0.8065385818481445,
            2.4196157455444336
        ],
        [
            0.0,
            0.0,
            0.0,
            1.0
        ]
    ],
    "0009": [
        [
            0.999953031539917,
            0.007506293710321188,
            -0.006127755157649517,
            -0.018383264541625977
        ],
        [
            -0.009689881466329098,
            0.7746163606643677,
            -0.6323572993278503,
            -1.8970718383789062
        ],
        [
            -4.6566123179658803e-10,
            0.6323869824409485,
            0.7746526598930359,
            2.323957920074463
        ],
        [
            0.0,
            0.0,
            0.0,
            1.0
        ]
    ],
    "0010": [
        [
            -0.6505584120750427,
            0.20387572050094604,
            -0.7315794825553894,
            -2.1947383880615234
        ],
        [
            -0.7594563364982605,
            -0.17464213073253632,
            0.6266788244247437,
            1.8800363540649414
        ],
        [
            0.0,
            0.9632936716079712,
            0.2684496343135834,
            0.8053488731384277
        ],
        [
            0.0,
            0.0,
            0.0,
            1.0
        ]
    ],
    "0011": [
        [
            -0.15232853591442108,
            0.2561856806278229,
            -0.9545495510101318,
            -2.8636488914489746
        ],
        [
            -0.9883299469947815,
            -0.039485182613134384,
            0.14712205529212952,
            0.44136619567871094
        ],
        [
            0.0,
            0.965820848941803,
            0.25921064615249634,
            0.7776319980621338
        ],
        [
            0.0,
            0.0,
            0.0,
            1.0
        ]
    ],
    "0012": [
        [
            0.3060835599899292,
            0.30909398198127747,
            -0.9004297256469727,
            -2.701289415359497
        ],
        [
            -0.9520047307014465,
            0.09937827289104462,
            -0.289501428604126,
            -0.8685043454170227
        ],
        [
            0.0,
            0.9458249807357788,
            0.3246769607067108,
            0.9740309715270996
        ],
        [
            0.0,
            0.0,
            0.0,
            1.0
        ]
    ],
    "0013": [
        [
            0.7958869338035583,
            -0.09364279359579086,
            0.5981597900390625,
            1.7944791316986084
        ],
        [
            0.605445384979248,
            0.12309794127941132,
            -0.7863097190856934,
            -2.358928918838501
        ],
        [
            0.0,
            0.9879666566848755,
            0.15466763079166412,
            0.4640028476715088
        ],
        [
            0.0,
            0.0,
            0.0,
            1.0
        ]
    ],
    "0014": [
        [
            0.5730047225952148,
            0.28327763080596924,
            -0.7690379619598389,
            -2.3071138858795166
        ],
        [
            -0.8195521831512451,
            0.19805869460105896,
            -0.537686824798584,
            -1.613060474395752
        ],
        [
            0.0,
            0.9383637309074402,
            0.3456493318080902,
            1.0369479656219482
        ],
        [
            0.0,
            0.0,
            0.0,
            1.0
        ]
    ],
    "0015": [
        [
            -0.8362192511558533,
            -0.21258510649204254,
            0.5055145025253296,
            1.5165433883666992
        ],
        [
            0.5483952164649963,
            -0.3241599500179291,
            0.7708327174186707,
            2.312497854232788
        ],
        [
            1.4901159417490817e-08,
            0.9218069314956665,
            0.3876494765281677,
            1.1629482507705688
        ],
        [
            0.0,
            0.0,
            0.0,
            1.0
        ]
    ],
    "0016": [
        [
            -0.8669859170913696,
            -0.35010531544685364,
            0.3546289801597595,
            1.0638868808746338
        ],
        [
            0.4983326196670532,
            -0.6091039776802063,
            0.6169741153717041,
            1.8509223461151123
        ],
        [
            0.0,
            0.7116310596466064,
            0.702553391456604,
            2.1076600551605225
        ],
        [
            0.0,
            0.0,
            0.0,
            1.0
        ]
    ],
    "0017": [
        [
            -0.5666322708129883,
            0.29048940539360046,
            -0.7710666656494141,
            -2.313199996948242
        ],
        [
            -0.8239707946777344,
            -0.1997651755809784,
            0.5302509069442749,
            1.5907526016235352
        ],
        [
            0.0,
            0.9357936382293701,
            0.35254818201065063,
            1.0576444864273071
        ],
        [
            0.0,
            0.0,
            0.0,
            1.0
        ]
    ],
    "0018": [
        [
            -0.7079513072967529,
            0.3562968671321869,
            -0.6098012924194336,
            -1.8294038772583008
        ],
        [
            -0.7062613368034363,
            -0.3571493923664093,
            0.6112604141235352,
            1.8337812423706055
        ],
        [
            1.4901162970204496e-08,
            0.863421618938446,
            0.5044829845428467,
            1.51344895362854
        ],
        [
            0.0,
            0.0,
            0.0,
            1.0
        ]
    ],
    "0019": [
        [
            -0.379144549369812,
            0.17247654497623444,
            -0.9091212153434753,
            -2.727363348007202
        ],
        [
            -0.9253374338150024,
            -0.07066994905471802,
            0.3725001811981201,
            1.1175004243850708
        ],
        [
            -7.4505797087454084e-09,
            0.9824752807617188,
            0.1863931268453598,
            0.5591793060302734
        ],
        [
            0.0,
            0.0,
            0.0,
            1.0
        ]
    ],
    "0020": [
        [
            -0.0011252302210777998,
            0.06685014069080353,
            -0.9977625012397766,
            -2.9932870864868164
        ],
        [
            -0.9999993443489075,
            -7.52218475099653e-05,
            0.0011227132054045796,
            0.0033681392669677734
        ],
        [
            -7.275956746821688e-12,
            0.9977630376815796,
            0.0668501928448677,
            0.20055055618286133
        ],
        [
            0.0,
            0.0,
            0.0,
            1.0
        ]
    ],
    "0021": [
        [
            -0.3971520960330963,
            -0.40911179780960083,
            0.8215216398239136,
            2.464564800262451
        ],
        [
            0.9177528023719788,
            -0.1770407110452652,
            0.35550862550735474,
            1.0665258169174194
        ],
        [
            0.0,
            0.8951447606086731,
            0.44577556848526,
            1.3373266458511353
        ],
        [
            0.0,
            0.0,
            0.0,
            1.0
        ]
    ],
    "0022": [
        [
            -0.5824421048164368,
            0.6582798361778259,
            -0.47689515352249146,
            -1.4306854009628296
        ],
        [
            -0.8128722906112671,
            -0.4716729521751404,
            0.34170660376548767,
            1.0251197814941406
        ],
        [
            2.9802322387695312e-08,
            0.5866791009902954,
            0.8098195791244507,
            2.4294586181640625
        ],
        [
            0.0,
            0.0,
            0.0,
            1.0
        ]
    ],
    "0023": [
        [
            0.909784734249115,
            0.058791931718587875,
            -0.4108957052230835,
            -1.2326871156692505
        ],
        [
            -0.4150804281234741,
            0.12886177003383636,
            -0.9006125330924988,
            -2.7018375396728516
        ],
        [
            -3.725290298461914e-09,
            0.9899182319641113,
            0.14163987338542938,
            0.42491960525512695
        ],
        [
            0.0,
            0.0,
            0.0,
            1.0
        ]
    ],
    "0024": [
        [
            0.5039194226264954,
            -0.3230985105037689,
            0.8010447025299072,
            2.4031341075897217
        ],
        [
            0.8637507557868958,
            0.1884983777999878,
            -0.46733617782592773,
            -1.4020085334777832
        ],
        [
            0.0,
            0.9274026155471802,
            0.374064564704895,
            1.122193694114685
        ],
        [
            0.0,
            0.0,
            0.0,
            1.0
        ]
    ],
    "0025": [
        [
            -0.26176944375038147,
            -0.1739497184753418,
            0.9493250846862793,
            2.847975492477417
        ],
        [
            0.9651304483413696,
            -0.04717986285686493,
            0.2574826180934906,
            0.772447943687439
        ],
        [
            0.0,
            0.983623743057251,
            0.1802343875169754,
            0.5407031774520874
        ],
        [
            0.0,
            0.0,
            0.0,
            1.0
        ]
    ],
    "0026": [
        [
            0.21086207032203674,
            0.8121251463890076,
            -0.5440495610237122,
            -1.6321486234664917
        ],
        [
            -0.9775158762931824,
            0.17518527805805206,
            -0.11735810339450836,
            -0.3520742952823639
        ],
        [
            7.450580596923828e-09,
            0.5565634369850159,
            0.8308051824569702,
            2.492415428161621
        ],
        [
            0.0,
            0.0,
            0.0,
            1.0
        ]
    ],
    "0027": [
        [
            0.418850839138031,
            0.42808249592781067,
            -0.8008179664611816,
            -2.402453899383545
        ],
        [
            -0.9080551862716675,
            0.1974579393863678,
            -0.3693864345550537,
            -1.1081593036651611
        ],
        [
            -1.4901162970204496e-08,
            0.8819046020507812,
            0.47142788767814636,
            1.4142836332321167
        ],
        [
            0.0,
            0.0,
            0.0,
            1.0
        ]
    ],
    "0028": [
        [
            0.2143470048904419,
            -0.8929010033607483,
            0.39595839381217957,
            1.1878751516342163
        ],
        [
            0.9767576456069946,
            0.1959448754787445,
            -0.08689206838607788,
            -0.26067620515823364
        ],
        [
            0.0,
            0.40538039803504944,
            0.9141480922698975,
            2.7424442768096924
        ],
        [
            0.0,
            0.0,
            0.0,
            1.0
        ]
    ],
    "0029": [
        [
            0.9937686920166016,
            0.06803913414478302,
            -0.08828698843717575,
            -0.26486098766326904
        ],
        [
            -0.11146262288093567,
            0.6066173315048218,
            -0.7871413826942444,
            -2.361424207687378
        ],
        [
            -3.725290298461914e-09,
            0.7920770645141602,
            0.6104211211204529,
            1.8312634229660034
        ],
        [
            0.0,
            0.0,
            0.0,
            1.0
        ]
    ],
    "0030": [
        [
            0.33534762263298035,
            -0.1970316767692566,
            0.9212602972984314,
            2.7637808322906494
        ],
        [
            0.9420945048332214,
            0.07013533264398575,
            -0.3279314935207367,
            -0.9837944507598877
        ],
        [
            0.0,
            0.9778851866722107,
            0.20914217829704285,
            0.6274265050888062
        ],
        [
            0.0,
            0.0,
            0.0,
            1.0
        ]
    ],
    "0031": [
        [
            -0.7965715527534485,
            -0.49228227138519287,
            0.35090169310569763,
            1.0527050495147705
        ],
        [
            0.6045443415641785,
            -0.648650586605072,
            0.4623619318008423,
            1.3870857954025269
        ],
        [
            0.0,
            0.5804399251937866,
            0.8143030405044556,
            2.442909002304077
        ],
        [
            0.0,
            0.0,
            0.0,
            1.0
        ]
    ],
    "0032": [
        [
            0.12230075895786285,
            0.8158029913902283,
            -0.5652504563331604,
            -1.695751428604126
        ],
        [
            -0.9924931526184082,
            0.10052797943353653,
            -0.06965344399213791,
            -0.20896035432815552
        ],
        [
            -3.725290298461914e-09,
            0.5695257782936096,
            0.821973443031311,
            2.4659204483032227
        ],
        [
            0.0,
            0.0,
            0.0,
            1.0
        ]
    ],
    "0033": [
        [
            -0.7399964928627014,
            -0.19483692944049835,
            0.6437731385231018,
            1.9313193559646606
        ],
        [
            0.6726108193397522,
            -0.21435672044754028,
            0.7082697153091431,
            2.1248090267181396
        ],
        [
            1.4901161193847656e-08,
            0.9571258425712585,
            0.2896726131439209,
            0.8690178394317627
        ],
        [
            0.0,
            0.0,
            0.0,
            1.0
        ]
    ],
    "0034": [
        [
            -0.5782428979873657,
            0.4178180992603302,
            -0.7007590532302856,
            -2.1022770404815674
        ],
        [
            -0.8158647418022156,
            -0.29612797498703003,
            0.4966619610786438,
            1.4899858236312866
        ],
        [
            0.0,
            0.8589157462120056,
            0.5121169090270996,
            1.5363506078720093
        ],
        [
            0.0,
            0.0,
            0.0,
            1.0
        ]
    ],
    "0035": [
        [
            0.9861464500427246,
            0.13118420541286469,
            -0.10151822865009308,
            -0.30455470085144043
        ],
        [
            -0.16587720811367035,
            0.7798951864242554,
            -0.6035298705101013,
            -1.8105897903442383
        ],
        [
            -7.450581485102248e-09,
            0.6120083332061768,
            0.7908512353897095,
            2.372553825378418
        ],
        [
            0.0,
            0.0,
            0.0,
            1.0
        ]
    ],
    "0036": [
        [
            0.6779754757881165,
            0.08070774376392365,
            -0.7306405305862427,
            -2.1919214725494385
        ],
        [
            -0.7350845336914062,
            0.07443752139806747,
            -0.6738767623901367,
            -2.02163028717041
        ],
        [
            -3.7252898543727042e-09,
            0.9939544200897217,
            0.10979382693767548,
            0.32938146591186523
        ],
        [
            0.0,
            0.0,
            0.0,
            1.0
        ]
    ],
    "0037": [
        [
            0.593605101108551,
            0.6155351400375366,
            -0.5184105634689331,
            -1.5552315711975098
        ],
        [
            -0.8047565221786499,
            0.45403149724006653,
            -0.3823903799057007,
            -1.147171139717102
        ],
        [
            0.0,
            0.6441830992698669,
            0.7648712992668152,
            2.294613838195801
        ],
        [
            0.0,
            0.0,
            0.0,
            1.0
        ]
    ],
    "0038": [
        [
            -0.9666463732719421,
            -0.1400369256734848,
            0.21444003283977509,
            0.6433200836181641
        ],
        [
            0.2561149597167969,
            -0.528536856174469,
            0.8093540668487549,
            2.4280622005462646
        ],
        [
            7.450580596923828e-09,
            0.8372803926467896,
            0.5467737317085266,
            1.640321135520935
        ],
        [
            0.0,
            0.0,
            0.0,
            1.0
        ]
    ],
    "0039": [
        [
            0.13541235029697418,
            -0.49994713068008423,
            0.855404257774353,
            2.5662126541137695
        ],
        [
            0.9907894134521484,
            0.0683283656835556,
            -0.11690910905599594,
            -0.3507273197174072
        ],
        [
            0.0,
            0.8633562922477722,
            0.5045948028564453,
            1.5137842893600464
        ],
        [
            0.0,
            0.0,
            0.0,
            1.0
        ]
    ],
    "0040": [
        [
            -0.674411416053772,
            -0.5491888523101807,
            0.4935188293457031,
            1.4805564880371094
        ],
        [
            0.7383557558059692,
            -0.5016270875930786,
            0.4507783055305481,
            1.3523348569869995
        ],
        [
            -1.4901161193847656e-08,
            0.668402373790741,
            0.7437998056411743,
            2.2313992977142334
        ],
        [
            0.0,
            0.0,
            0.0,
            1.0
        ]
    ],
    "0041": [
        [
            0.5982823371887207,
            -0.3861390948295593,
            0.7021074295043945,
            2.1063222885131836
        ],
        [
            0.8012853860855103,
            0.28831201791763306,
            -0.5242307782173157,
            -1.5726922750473022
        ],
        [
            -1.4901161193847656e-08,
            0.8762264847755432,
            0.481899619102478,
            1.445698857307434
        ],
        [
            0.0,
            0.0,
            0.0,
            1.0
        ]
    ],
    "0042": [
        [
            0.7811129093170166,
            -0.5603214502334595,
            0.27550411224365234,
            0.826512336730957
        ],
        [
            0.6243898272514343,
            0.7009632587432861,
            -0.34465619921684265,
            -1.0339685678482056
        ],
        [
            0.0,
            0.441237211227417,
            0.8973904848098755,
            2.692171335220337
        ],
        [
            0.0,
            0.0,
            0.0,
            1.0
        ]
    ],
    "0043": [
        [
            -0.12928783893585205,
            0.8174893856048584,
            -0.561244785785675,
            -1.68373441696167
        ],
        [
            -0.9916071891784668,
            -0.10658598691225052,
            0.07317627966403961,
            0.21952885389328003
        ],
        [
            0.0,
            0.5659950971603394,
            0.8244085907936096,
            2.4732258319854736
        ],
        [
            0.0,
            0.0,
            0.0,
            1.0
        ]
    ],
    "0044": [
        [
            0.23392464220523834,
            0.2758427858352661,
            -0.9323036074638367,
            -2.7969107627868652
        ],
        [
            -0.972254753112793,
            0.06636781990528107,
            -0.22431239485740662,
            -0.6729371547698975
        ],
        [
            3.725290298461914e-09,
            0.9589087963104248,
            0.28371453285217285,
            0.8511435985565186
        ],
        [
            0.0,
            0.0,
            0.0,
            1.0
        ]
    ],
    "0045": [
        [
            -0.13380998373031616,
            0.8968188762664795,
            -0.4216761589050293,
            -1.2650283575057983
        ],
        [
            -0.9910069704055786,
            -0.1210923120379448,
            0.056936509907245636,
            0.17080950736999512
        ],
        [
            -3.7252898543727042e-09,
            0.42550262808799744,
            0.9049572348594666,
            2.714871406555176
        ],
        [
            0.0,
            0.0,
            0.0,
            1.0
        ]
    ],
    "0046": [
        [
            -0.9313222169876099,
            -0.22810602188110352,
            0.28391313552856445,
            0.8517394065856934
        ],
        [
            0.36419641971588135,
            -0.5833121538162231,
            0.7260220050811768,
            2.1780660152435303
        ],
        [
            0.0,
            0.7795605063438416,
            0.6263269186019897,
            1.8789807558059692
        ],
        [
            0.0,
            0.0,
            0.0,
            1.0
        ]
    ],
    "0047": [
        [
            -0.3134303092956543,
            0.8535172343254089,
            -0.416256844997406,
            -1.2487704753875732
        ],
        [
            -0.9496111869812012,
            -0.2817133665084839,
            0.13739046454429626,
            0.4121713638305664
        ],
        [
            7.450580596923828e-09,
            0.43834444880485535,
            0.8988070487976074,
            2.6964211463928223
        ],
        [
            0.0,
            0.0,
            0.0,
            1.0
        ]
    ],
    "0048": [
        [
            -0.2652123272418976,
            -0.5441744923591614,
            0.7959501147270203,
            2.387850284576416
        ],
        [
            0.9641900062561035,
            -0.1496819108724594,
            0.21893589198589325,
            0.6568076610565186
        ],
        [
            7.4505797087454084e-09,
            0.825511634349823,
            0.5643851161003113,
            1.693155288696289
        ],
        [
            0.0,
            0.0,
            0.0,
            1.0
        ]
    ],
    "0049": [
        [
            0.9446306228637695,
            0.06783168762922287,
            -0.3210482597351074,
            -0.9631447792053223
        ],
        [
            -0.3281358480453491,
            0.19527243077754974,
            -0.9242269992828369,
            -2.7726809978485107
        ],
        [
            0.0,
            0.9784005284309387,
            0.206718310713768,
            0.6201549172401428
        ],
        [
            0.0,
            0.0,
            0.0,
            1.0
        ]
    ],
    "0050": [
        [
            0.9919759631156921,
            0.017409300431609154,
            -0.1252223700284958,
            -0.37566709518432617
        ],
        [
            -0.12642677128314972,
            0.13659773766994476,
            -0.9825260043144226,
            -2.947577953338623
        ],
        [
            3.725290298461914e-09,
            0.9904736280441284,
            0.13770265877246857,
            0.4131079614162445
        ],
        [
            0.0,
            0.0,
            0.0,
            1.0
        ]
    ],
    "0051": [
        [
            -0.7343398332595825,
            -0.11624623835086823,
            0.6687540411949158,
            2.0062618255615234
        ],
        [
            0.6787821054458618,
            -0.12576089799404144,
            0.7234910130500793,
            2.1704728603363037
        ],
        [
            0.0,
            0.9852263331413269,
            0.1712571233510971,
            0.5137712955474854
        ],
        [
            0.0,
            0.0,
            0.0,
            1.0
        ]
    ],
    "0052": [
        [
            -0.3800605833530426,
            0.0022439465392380953,
            0.9249588847160339,
            2.774876594543457
        ],
        [
            0.9249616265296936,
            0.0009220226784236729,
            0.38005945086479187,
            1.1401783227920532
        ],
        [
            0.0,
            0.999997079372406,
            -0.002425988670438528,
            -0.007277965545654297
        ],
        [
            0.0,
            0.0,
            0.0,
            1.0
        ]
    ],
    "0053": [
        [
            0.3795700669288635,
            -0.8723337054252625,
            0.30815669894218445,
            0.924470067024231
        ],
        [
            0.9251629710197449,
            0.3578956425189972,
            -0.12642860412597656,
            -0.3792858123779297
        ],
        [
            -7.4505797087454084e-09,
            0.33308371901512146,
            0.9428972601890564,
            2.8286917209625244
        ],
        [
            0.0,
            0.0,
            0.0,
            1.0
        ]
    ],
    "0054": [
        [
            0.8244305849075317,
            -0.5159294605255127,
            0.2326609194278717,
            0.6979827880859375
        ],
        [
            0.5659632086753845,
            0.7515470385551453,
            -0.33891382813453674,
            -1.0167415142059326
        ],
        [
            1.4901162970204496e-08,
            0.4110884666442871,
            0.9115954637527466,
            2.7347865104675293
        ],
        [
            0.0,
            0.0,
            0.0,
            1.0
        ]
    ],
    "0055": [
        [
            0.4261890649795532,
            -0.7246050238609314,
            0.5415815114974976,
            1.6247444152832031
        ],
        [
            0.9046342372894287,
            0.34137412905693054,
            -0.2551485598087311,
            -0.7654456496238708
        ],
        [
            1.4901162970204496e-08,
            0.598674476146698,
            0.8009923696517944,
            2.4029769897460938
        ],
        [
            0.0,
            0.0,
            0.0,
            1.0
        ]
    ],
    "0056": [
        [
            0.12395656108856201,
            -0.358284056186676,
            0.9253472089767456,
            2.776041269302368
        ],
        [
            0.9922876358032227,
            0.04475684463977814,
            -0.11559436470270157,
            -0.3467830419540405
        ],
        [
            -3.7252898543727042e-09,
            0.9325392246246338,
            0.3610687553882599,
            1.0832061767578125
        ],
        [
            0.0,
            0.0,
            0.0,
            1.0
        ]
    ],
    "0057": [
        [
            -0.5409941673278809,
            -0.2874718904495239,
            0.7903703451156616,
            2.3711111545562744
        ],
        [
            0.8410263657569885,
            -0.1849176287651062,
            0.5084094405174255,
            1.5252283811569214
        ],
        [
            -1.4901161193847656e-08,
            0.9397687911987305,
            0.34181079268455505,
            1.0254324674606323
        ],
        [
            0.0,
            0.0,
            0.0,
            1.0
        ]
    ],
    "0058": [
        [
            0.9899305105209351,
            0.09348102658987045,
            -0.10629697144031525,
            -0.31889086961746216
        ],
        [
            -0.14155474305152893,
            0.6537379622459412,
            -0.7433633208274841,
            -2.2300896644592285
        ],
        [
            0.0,
            0.7509247064590454,
            0.6603878140449524,
            1.9811631441116333
        ],
        [
            0.0,
            0.0,
            0.0,
            1.0
        ]
    ],
    "0059": [
        [
            0.9906008243560791,
            0.11759057641029358,
            -0.0698755607008934,
            -0.2096266746520996
        ],
        [
            -0.13678500056266785,
            0.8515942096710205,
            -0.5060407519340515,
            -1.5181221961975098
        ],
        [
            0.0,
            0.5108422636985779,
            0.8596744537353516,
            2.5790233612060547
        ],
        [
            0.0,
            0.0,
            0.0,
            1.0
        ]
    ],
    "0060": [
        [
            0.5250535607337952,
            -0.32227641344070435,
            0.7876907587051392,
            2.363072156906128
        ],
        [
            0.8510692119598389,
            0.19882330298423767,
            -0.48595327138900757,
            -1.457859754562378
        ],
        [
            0.0,
            0.9255306720733643,
            0.37867245078086853,
            1.1360173225402832
        ],
        [
            0.0,
            0.0,
            0.0,
            1.0
        ]
    ],
    "0061": [
        [
            -0.9849382042884827,
            -0.09726598858833313,
            0.14295490086078644,
            0.4288647174835205
        ],
        [
            0.17290684580802917,
            -0.5540612936019897,
            0.8143213987350464,
            2.4429643154144287
        ],
        [
            0.0,
            0.8267741799354553,
            0.562533974647522,
            1.6876020431518555
        ],
        [
            0.0,
            0.0,
            0.0,
            1.0
        ]
    ],
    "0062": [
        [
            -0.04794708639383316,
            -0.8301751017570496,
            0.5554372668266296,
            1.6663117408752441
        ],
        [
            0.9988498687744141,
            -0.03985031321644783,
            0.02666226588189602,
            0.07998679578304291
        ],
        [
            0.0,
            0.5560768246650696,
            0.8311309218406677,
            2.4933927059173584
        ],
        [
            0.0,
            0.0,
            0.0,
            1.0
        ]
    ],
    "0063": [
        [
            -0.7453856468200684,
            -0.534925639629364,
            0.3978125751018524,
            1.1934376955032349
        ],
        [
            0.6666335463523865,
            -0.5981186032295227,
            0.444807767868042,
            1.334423303604126
        ],
        [
            2.9802322387695312e-08,
            0.596748411655426,
            0.8024283647537231,
            2.40728497505188
        ],
        [
            0.0,
            0.0,
            0.0,
            1.0
        ]
    ],
    "0064": [
        [
            0.941391110420227,
            -0.10263148695230484,
            0.32132476568222046,
            0.9639742374420166
        ],
        [
            0.3373171091079712,
            0.28642597794532776,
            -0.8967593908309937,
            -2.6902780532836914
        ],
        [
            -1.4901161193847656e-08,
            0.9525895714759827,
            0.30425822734832764,
            0.9127746224403381
        ],
        [
            0.0,
            0.0,
            0.0,
            1.0
        ]
    ],
    "0065": [
        [
            -0.9917519688606262,
            -0.04920331388711929,
            0.11835237592458725,
            0.35505712032318115
        ],
        [
            0.12817275524139404,
            -0.3807165324687958,
            0.915765643119812,
            2.7472968101501465
        ],
        [
            0.0,
            0.9233818054199219,
            0.3838828504085541,
            1.1516485214233398
        ],
        [
            0.0,
            0.0,
            0.0,
            1.0
        ]
    ],
    "0066": [
        [
            0.522885262966156,
            0.4139864146709442,
            -0.7451216578483582,
            -2.2353649139404297
        ],
        [
            -0.8524030447006226,
            0.2539495825767517,
            -0.45707616209983826,
            -1.3712284564971924
        ],
        [
            1.4901159417490817e-08,
            0.8741424083709717,
            0.4856698215007782,
            1.4570094347000122
        ],
        [
            0.0,
            0.0,
            0.0,
            1.0
        ]
    ],
    "0067": [
        [
            -0.9377375245094299,
            -0.11404741555452347,
            0.3280876576900482,
            0.9842629432678223
        ],
        [
            0.34734466671943665,
            -0.3078974485397339,
            0.8857487440109253,
            2.6572461128234863
        ],
        [
            0.0,
            0.9445593357086182,
            0.3283407688140869,
            0.9850223064422607
        ],
        [
            0.0,
            0.0,
            0.0,
            1.0
        ]
    ],
    "0068": [
        [
            0.48734837770462036,
            -0.2037329524755478,
            0.8491079807281494,
            2.5473241806030273
        ],
        [
            0.8732076287269592,
            0.11370597034692764,
            -0.4738980531692505,
            -1.421694278717041
        ],
        [
            0.0,
            0.9724010229110718,
            0.233315572142601,
            0.6999467611312866
        ],
        [
            0.0,
            0.0,
            0.0,
            1.0
        ]
    ],
    "0069": [
        [
            -0.9998493194580078,
            -0.006348674651235342,
            0.01615734025835991,
            0.04847201704978943
        ],
        [
            0.01735987700521946,
            -0.3656545877456665,
            0.9305887222290039,
            2.7917661666870117
        ],
        [
            4.656613428188905e-10,
            0.9307288527488708,
            0.36570972204208374,
            1.0971291065216064
        ],
        [
            0.0,
            0.0,
            0.0,
            1.0
        ]
    ],
    "0070": [
        [
            0.8324593305587769,
            -0.49380993843078613,
            0.25132304430007935,
            0.7539691925048828
        ],
        [
            0.5540862083435059,
            0.7419002652168274,
            -0.37758785486221313,
            -1.1327636241912842
        ],
        [
            0.0,
            0.45358118414878845,
            0.8912149667739868,
            2.67364501953125
        ],
        [
            0.0,
            0.0,
            0.0,
            1.0
        ]
    ],
    "0071": [
        [
            0.5913848280906677,
            -0.6963492631912231,
            0.40664681792259216,
            1.219940423965454
        ],
        [
            0.806389570236206,
            0.5106841921806335,
            -0.2982240617275238,
            -0.894672155380249
        ],
        [
            1.4901162970204496e-08,
            0.5042808651924133,
            0.8635396957397461,
            2.5906190872192383
        ],
        [
            0.0,
            0.0,
            0.0,
