{"K": [[1111.111111111111, 0, 400.0], [0.0, 1111.111111111111, 400.0], [0.0, 0.0, 1.0]], "0000": [[0.9995982646942139, -0.01616714894771576, 0.023280352354049683, 0.09079337120056152], [0.028343455865979195, 0.5701723098754883, -0.8210360407829285, -3.202040433883667], [0.0, 0.821366012096405, 0.5704014897346497, 2.2245657444000244], [0.0, 0.0, 0.0, 1.0]], "0001": [[0.90263831615448, 0.059670817106962204, -0.4262436032295227, -1.6623499393463135], [-0.4304001033306122, 0.12514208257198334, -0.8939213156700134, -3.486292839050293], [-3.725290742551124e-09, 0.9903427362442017, 0.1386403739452362, 0.540697455406189], [0.0, 0.0, 0.0, 1.0]], "0002": [[0.06503976881504059, 0.5233561992645264, -0.8496282696723938, -3.3135499954223633], [-0.9978827238082886, 0.03411119058728218, -0.05537687614560127, -0.21596980094909668], [0.0, 0.8514309525489807, 0.5244666934013367, 2.045419931411743], [0.0, 0.0, 0.0, 1.0]], "0003": [[-0.9959467053413391, 0.04532171040773392, -0.07769294083118439, -0.3030024766921997], [-0.08994581550359726, -0.5018355250358582, 0.8602736592292786, 3.355067491531372], [-3.725290742551124e-09, 0.863774836063385, 0.5038778781890869, 1.9651238918304443], [0.0, 0.0, 0.0, 1.0]], "0004": [[-0.9822293519973755, 0.07851897925138474, -0.17047081887722015, -0.6648361682891846], [-0.18768467009067535, -0.4109213948249817, 0.8921424150466919, 3.4793553352355957], [7.450580596923828e-09, 0.9082832336425781, 0.4183558523654938, 1.6315877437591553], [0.0, 0.0, 0.0, 1.0]], "0005": [[-0.9941872358322144, 0.03422722592949867, -0.10208037495613098, -0.398113489151001], [-0.10766573250293732, -0.3160548210144043, 0.9426119923591614, 3.676187038421631], [-3.725290742551124e-09, 0.9481233954429626, 0.31790268421173096, 1.2398205995559692], [0.0, 0.0, 0.0, 1.0]], "0006": [[-0.6103964447975159, 0.03541143238544464, 0.7913040518760681, 3.0860860347747803], [0.7920960783958435, 0.027288375422358513, 0.6097861528396606, 2.3781661987304688], [0.0, 0.9990001320838928, -0.044705986976623535, -0.17435336112976074], [0.0, 0.0, 0.0, 1.0]], "0007": [[-0.8683574795722961, 0.021296942606568336, 0.4954814314842224, 1.9323776960372925], [0.4959389567375183, 0.0372895821928978, 0.8675563335418701, 3.383469820022583], [1.862645371275562e-09, 0.9990774989128113, -0.04294266924262047, -0.16747641563415527], [0.0, 0.0, 0.0, 1.0]], "0008": [[0.9683278799057007, 0.1903897076845169, -0.16153313219547272, -0.6299792528152466], [-0.24968218803405762, 0.7383773326873779, -0.6264645457267761, -2.443211793899536], [0.0, 0.6469550132751465, 0.762528121471405, 2.9738597869873047], [0.0, 0.0, 0.0, 1.0]], "0009": [[-0.37072136998176575, -0.18388724327087402, 0.910357654094696, 3.5503950119018555], [0.9287441372871399, -0.07340119779109955, 0.36338216066360474, 1.4171905517578125], [0.0, 0.980202853679657, 0.19799558818340302, 0.772182822227478], [0.0, 0.0, 0.0, 1.0]], "0010": [[0.13888074457645416, -0.1891624927520752, 0.9720749855041504, 3.7910921573638916], [0.9903091192245483, 0.02652810886502266, -0.13632360100746155, -0.5316619873046875], [1.862645149230957e-09, 0.9815873503684998, 0.19101360440254211, 0.7449530363082886], [0.0, 0.0, 0.0, 1.0]], "0011": [[0.9938338398933411, -0.05432644858956337, 0.09665923565626144, 0.3769710063934326], [0.11087998747825623, 0.4869360625743866, -0.8663711547851562, -3.378847360610962], [0.0, 0.8717464804649353, 0.48995721340179443, 1.9108330011367798], [0.0, 0.0, 0.0, 1.0]], "0012": [[0.8928409814834595, -0.13631179928779602, 0.42924830317497253, 1.6740684509277344], [0.4503721594810486, 0.27023154497146606, -0.8509640097618103, -3.3187599182128906], [0.0, 0.9530971050262451, 0.3026648163795471, 1.180392861366272], [0.0, 0.0, 0.0, 1.0]], "0013": [[-0.8154216408729553, 0.06522130221128464, -0.5751815438270569, -2.243208169937134], [-0.5788676142692566, -0.09187395870685577, 0.8102292418479919, 3.1598942279815674], [3.725290742551124e-09, 0.993632435798645, 0.11267050355672836, 0.43941497802734375], [0.0, 0.0, 0.0, 1.0]], "0014": [[-0.3086669445037842, -0.031923409551382065, 0.9506343007087708, 3.7074739933013916], [0.9511702060699463, -0.01035955548286438, 0.3084930181503296, 1.203122854232788], [0.0, 0.9994366765022278, 0.03356224298477173, 0.13089275360107422], [0.0, 0.0, 0.0, 1.0]], "0015": [[0.06380800157785416, 0.02242589369416237, 0.9977102279663086, 3.8910696506500244], [0.9979621767997742, -0.0014338735491037369, -0.06379189342260361, -0.24878835678100586], [1.1641530794914701e-10, 0.9997475147247314, -0.022471686825156212, -0.08763957023620605], [0.0, 0.0, 0.0, 1.0]], "0016": [[0.541231095790863, -0.18982936441898346, 0.8191664814949036, 3.194749116897583], [0.8408739566802979, 0.12218426913022995, -0.5272590517997742, -2.0563101768493652], [-7.450580596923828e-09, 0.9741846919059753, 0.22575251758098602, 0.8804347515106201], [0.0, 0.0, 0.0, 1.0]], "0017": [[0.4880070686340332, -0.5891997218132019, 0.6439663767814636, 2.5114691257476807], [0.8728397488594055, 0.329423189163208, -0.36004337668418884, -1.4041692018508911], [0.0, 0.7377831935882568, 0.6750377416610718, 2.6326472759246826], [0.0, 0.0, 0.0, 1.0]], "0018": [[-0.5231578350067139, -0.6741994619369507, 0.5213069319725037, 2.033097267150879], [0.8522357940673828, -0.4138675332069397, 0.3200121223926544, 1.2480473518371582], [1.4901161193847656e-08, 0.611693263053894, 0.7910950183868408, 3.085270643234253], [0.0, 0.0, 0.0, 1.0]], "0019": [[-0.9308308959007263, 0.12019916623830795, -0.3451175093650818, -1.3459584712982178], [-0.36545035243034363, -0.306156724691391, 0.8790414929389954, 3.42826247215271], [7.450581485102248e-09, 0.9443623423576355, 0.32890695333480835, 1.282737374305725], [0.0, 0.0, 0.0, 1.0]], "0020": [[0.9090843796730042, 0.03824586793780327, -0.41485273838043213, -1.6179256439208984], [-0.4166119694709778, 0.083455890417099, -0.9052456021308899, -3.5304577350616455], [0.0, 0.9957772493362427, 0.09180213510990143, 0.3580282926559448], [0.0, 0.0, 0.0, 1.0]], "0021": [[0.9939059615135193, -0.0061088381335139275, -0.11006233841180801, -0.4292430877685547], [-0.11023173481225967, -0.05508042126893997, -0.9923785328865051, -3.8702759742736816], [0.0, 0.9984632134437561, -0.055418141186237335, -0.21613073348999023], [0.0, 0.0, 0.0, 1.0]], "0022": [[0.11253760755062103, -0.16342973709106445, 0.9801153540611267, 3.8224496841430664], [0.9936475157737732, 0.018509572371840477, -0.11100499331951141, -0.432919442653656], [1.862645149230957e-09, 0.9863813519477844, 0.16447457671165466, 0.641450822353363], [0.0, 0.0, 0.0, 1.0]], "0023": [[0.6322205662727356, 0.29648345708847046, -0.7158175110816956, -2.7916882038116455], [-0.7747884392738342, 0.2419278919696808, -0.5841007828712463, -2.2779929637908936], [0.0, 0.9238876700401306, 0.3826637268066406, 1.4923884868621826], [0.0, 0.0, 0.0, 1.0]], "0024": [[0.6264001131057739, -0.13566818833351135, 0.7676047682762146, 2.9936585426330566], [0.7795016765594482, 0.10902165621519089, -0.6168398261070251, -2.405675172805786], [0.0, 0.9847376942634583, 0.17404477298259735, 0.6787745952606201], [0.0, 0.0, 0.0, 1.0]], "0025": [[-0.48185011744499207, 0.02854415401816368, 0.8757886290550232, 3.4155755043029785], [0.8762536644935608, 0.015696372836828232, 0.48159438371658325, 1.8782179355621338], [-9.313225746154785e-10, 0.9994692802429199, -0.032575223594903946, -0.12704336643218994], [0.0, 0.0, 0.0, 1.0]], "0026": [[0.9160003662109375, 0.17211200296878815, -0.36238235235214233, -1.4132912158966064], [-0.40117770433425903, 0.39297959208488464, -0.8274197578430176, -3.2269372940063477], [-1.4901162970204496e-08, 0.9032964706420898, 0.4290168881416321, 1.6731659173965454], [0.0, 0.0, 0.0, 1.0]], "0027": [[0.3626026511192322, 0.12131254374980927, -0.9240144491195679, -3.603656053543091], [-0.9319438338279724, 0.047200534492731094, -0.3595174551010132, -1.4021179676055908], [0.0, 0.9914915561676025, 0.1301715075969696, 0.5076688528060913], [0.0, 0.0, 0.0, 1.0]], "0028": [[-0.21604807674884796, 0.3095303475856781, -0.9260205626487732, -3.611480474472046], [-0.9763827323913574, -0.06849100440740585, 0.204904243350029, 0.7991266250610352], [0.0, 0.9484197497367859, 0.31701740622520447, 1.23636794090271], [0.0, 0.0, 0.0, 1.0]], "0029": [[-0.5985249876976013, 0.5811452269554138, -0.5513964891433716, -2.1504461765289307], [-0.8011041879653931, -0.4341881573200226, 0.4119621515274048, 1.6066522598266602], [1.4901161193847656e-08, 0.6882956624031067, 0.7254303097724915, 2.8291780948638916], [0.0, 0.0, 0.0, 1.0]], "0030": [[0.7451340556144714, -0.2252815216779709, 0.6277128458023071, 2.44808030128479], [0.6669147610664368, 0.25170373916625977, -0.7013343572616577, -2.7352042198181152], [0.0, 0.94121915102005, 0.33779656887054443, 1.3174066543579102], [0.0, 0.0, 0.0, 1.0]], "0031": [[0.15465512871742249, -0.4332874119281769, 0.8878872394561768, 3.4627604484558105], [0.9879685640335083, 0.06782616674900055, -0.13898855447769165, -0.5420553684234619], [3.725290742551124e-09, 0.898699939250946, 0.4385639727115631, 1.7103996276855469], [0.0, 0.0, 0.0, 1.0]], "0032": [[-0.1466536670923233, -0.6908466815948486, 0.7079713940620422, 2.7610886096954346], [0.9891879558563232, -0.10242260247468948, 0.10496144741773605, 0.4093496799468994], [0.0, 0.7157096862792969, 0.6983978748321533, 2.7237517833709717], [0.0, 0.0, 0.0, 1.0]], "0033": [[0.16270285844802856, 0.2125849425792694, -0.9635016322135925, -3.7576560974121094], [-0.9866752028465271, 0.03505528345704079, -0.1588815450668335, -0.6196379661560059], [-3.725290742551124e-09, 0.9765135645866394, 0.21545585989952087, 0.8402777910232544], [0.0, 0.0, 0.0, 1.0]], "0034": [[0.42716509103775024, -0.6500366926193237, 0.6284761428833008, 2.451057195663452], [0.904173731803894, 0.3071013391017914, -0.29691535234451294, -1.1579699516296387], [1.4901162970204496e-08, 0.695083498954773, 0.7189289927482605, 2.803823232650757], [0.0, 0.0, 0.0, 1.0]], "0035": [[0.9721376895904541, -0.10437729209661484, 0.20988988876342773, 0.8185704946517944], [0.23441071808338165, 0.4328688681125641, -0.870445966720581, -3.3947391510009766], [-7.450580596923828e-09, 0.8953937292098999, 0.44527530670166016, 1.736573576927185], [0.0, 0.0, 0.0, 1.0]], "0036": [[0.23139198124408722, -0.44587644934654236, 0.8646687269210815, 3.3722078800201416], [0.9728606343269348, 0.10605037957429886, -0.20565886795520782, -0.8020695447921753], [0.0, 0.8887898921966553, 0.45831480622291565, 1.7874276638031006], [0.0, 0.0, 0.0, 1.0]], "0037": [[0.8415398597717285, -0.09740333259105682, 0.5313409566879272, 2.0722296237945557], [0.5401949286460876, 0.15173928439617157, -0.8277467489242554, -3.2282121181488037], [-7.4505797087454084e-09, 0.9836096167564392, 0.18031145632266998, 0.7032146453857422], [0.0, 0.0, 0.0, 1.0]], "0038": [[0.7926093339920044, 0.1062663197517395, -0.6003982424736023, -2.341553211212158], [-0.6097299456596375, 0.13813930749893188, -0.7804786562919617, -3.0438668727874756], [0.0, 0.9846953749656677, 0.17428424954414368, 0.6797086000442505], [0.0, 0.0, 0.0, 1.0]], "0039": [[-0.21980462968349457, 0.6140139102935791, -0.758071780204773, -2.956480026245117], [-0.9755439758300781, -0.13834649324417114, 0.17080488801002502, 0.6661391258239746], [7.450581485102248e-09, 0.777076005935669, 0.629406750202179, 2.454686403274536], [0.0, 0.0, 0.0, 1.0]], "0040": [[-0.9939178228378296, -0.06809128075838089, 0.0865498036146164, 0.33754420280456543], [0.11012396961450577, -0.6145541071891785, 0.7811504602432251, 3.0464866161346436], [3.7252898543727042e-09, 0.7859305739402771, 0.618314802646637, 2.4114274978637695], [0.0, 0.0, 0.0, 1.0]], "0041": [[0.6266241669654846, -0.5130788683891296, 0.5865936875343323, 2.287715435028076], [0.7793216705322266, 0.41254809498786926, -0.4716586768627167, -1.8394689559936523], [0.0, 0.7526978254318237, 0.6583660840988159, 2.5676279067993164], [0.0, 0.0, 0.0, 1.0]], "0042": [[-0.43689894676208496, -0.20361965894699097, 0.8761610984802246, 3.4170284271240234], [0.8995106220245361, -0.09889956563711166, 0.4255578815937042, 1.6596758365631104], [0.0, 0.9740419983863831, 0.22636713087558746, 0.882831871509552], [0.0, 0.0, 0.0, 1.0]], "0043": [[0.20760342478752136, 0.6842470765113831, -0.6990756988525391, -2.7263951301574707], [-0.9782131314277649, 0.14521583914756775, -0.1483628749847412, -0.5786151885986328], [0.0, 0.7146456241607666, 0.6994867324829102, 2.7279980182647705], [0.0, 0.0, 0.0, 1.0]], "0044": [[-0.3940737545490265, -0.21647301316261292, 0.8932218551635742, 3.483565330505371], [0.9190788269042969, -0.09281721711158752, 0.38298705220222473, 1.4936496019363403], [7.450580596923828e-09, 0.9718664288520813, 0.23553259670734406, 0.9185771942138672], [0.0, 0.0, 0.0, 1.0]], "0045": [[-0.7463845014572144, 0.40655240416526794, -0.5269015431404114, -2.0549161434173584], [-0.6655149459838867, -0.45595434308052063, 0.5909276008605957, 2.3046178817749023], [-1.4901162970204496e-08, 0.7917200326919556, 0.6108840107917786, 2.3824477195739746], [0.0, 0.0, 0.0, 1.0]], "0046": [[-0.5094707608222961, 0.05285060778260231, -0.8588634133338928, -3.349567413330078], [-0.8604879975318909, -0.03129136189818382, 0.5085089206695557, 1.983184814453125], [0.0, 0.9981120228767395, 0.06141934171319008, 0.23953545093536377], [0.0, 0.0, 0.0, 1.0]], "0047": [[0.1598270833492279, 0.30306699872016907, -0.9394709467887878, -3.6639368534088135], [-0.9871451258659363, 0.04906909167766571, -0.15210823714733124, -0.5932221412658691], [-3.725290742551124e-09, 0.9517050981521606, 0.3070136308670044, 1.1973532438278198], [0.0, 0.0, 0.0, 1.0]], "0048": [[0.12341306358575821, 0.6148539781570435, -0.7789247035980225, -3.037806510925293], [-0.9923554062843323, 0.07646556198596954, -0.09687001258134842, -0.3777930736541748], [0.0, 0.7849252223968506, 0.6195904612541199, 2.41640305519104], [0.0, 0.0, 0.0, 1.0]], "0049": [[-0.9424511194229126, -0.21522334218025208, 0.2558608949184418, 0.9978575706481934], [0.33434396982192993, -0.6066730618476868, 0.721222460269928, 2.812767744064331], [0.0, 0.7652625441551208, 0.6437183022499084, 2.5105016231536865], [0.0, 0.0, 0.0, 1.0]], "0050": [[-0.8354520797729492, 0.06645068526268005, -0.5455310344696045, -2.127570867538452], [-0.5495632290840149, -0.10101905465126038, 0.8293222784996033, 3.234356641769409], [7.4505797087454084e-09, 0.9926628470420837, 0.12091544270515442, 0.4715701937675476], [0.0, 0.0, 0.0, 1.0]], "0051": [[-0.845038652420044, -0.37056148052215576, 0.3854788541793823, 1.5033676624298096], [0.5347053408622742, -0.5856286883354187, 0.6092038154602051, 2.3758950233459473], [1.4901161193847656e-08, 0.7209184169769287, 0.6930199861526489, 2.7027781009674072], [0.0, 0.0, 0.0, 1.0]], "0052": [[0.6912431716918945, -0.24199669063091278, 0.6808968186378479, 2.6554977893829346], [0.7226222157478333, 0.23148825764656067, -0.6513296365737915, -2.5401856899261475], [-1.4901162970204496e-08, 0.9422582387924194, 0.3348868489265442, 1.3060587644577026], [0.0, 0.0, 0.0, 1.0]], "0053": [[-0.9984551072120667, 0.03622348606586456, -0.04213535785675049, -0.16432788968086243], [-0.055565543472766876, -0.6508984565734863, 0.7571285963058472, 2.952801465988159], [-1.862645149230957e-09, 0.7583001852035522, 0.6519055962562561, 2.542431592941284], [0.0, 0.0, 0.0, 1.0]], "0054": [[-0.9265674352645874, -0.2443820685148239, 0.285920113325119, 1.1150883436203003], [0.3761288821697235, -0.6020182967185974, 0.7043443918228149, 2.7469429969787598], [0.0, 0.760165274143219, 0.6497297286987305, 2.5339457988739014], [0.0, 0.0, 0.0, 1.0]], "0055": [[-0.9979194402694702, -0.010297026485204697, 0.06364499032497406, 0.2482154369354248], [0.06447257846593857, -0.15937943756580353, 0.9851099252700806, 3.841928482055664], [0.0, 0.9871637225151062, 0.15971173346042633, 0.6228757500648499], [0.0, 0.0, 0.0, 1.0]], "0056": [[-0.9992035627365112, -0.026380831375718117, 0.029938222840428352, 0.11675906181335449], [0.0399029478430748, -0.6605982780456543, 0.7496784329414368, 2.923745632171631], [-1.862645149230957e-09, 0.7502759099006653, 0.6611248254776001, 2.5783867835998535], [0.0, 0.0, 0.0, 1.0]], "0057": [[-0.8014252185821533, -0.05201876908540726, 0.5958285927772522, 2.3237314224243164], [0.5980950593948364, -0.06970322877168655, 0.7983882427215576, 3.1137139797210693], [0.0, 0.9962105751037598, 0.08697409182786942, 0.3391989469528198], [0.0, 0.0, 0.0, 1.0]], "0058": [[0.5416601300239563, 0.23935595154762268, -0.8057996034622192, -3.1426186561584473], [-0.8405975699424744, 0.15423500537872314, -0.5192371606826782, -2.0250251293182373], [7.450580596923828e-09, 0.9586033225059509, 0.2847449481487274, 1.1105053424835205], [0.0, 0.0, 0.0, 1.0]], "0059": [[-0.5429742336273193, -0.41855835914611816, 0.728002667427063, 2.8392105102539062], [0.8397493958473206, -0.2706359922885895, 0.4707198143005371, 1.8358074426651], [0.0, 0.8669286370277405, 0.4984324276447296, 1.943886637687683], [0.0, 0.0, 0.0, 1.0]], "0060": [[-0.5985387563705444, 0.5789927840232849, -0.5536413788795471, -2.159201145172119], [-0.8010938763618469, -0.43259552121162415, 0.4136541783809662, 1.6132512092590332], [0.0, 0.6911066770553589, 0.7227527499198914, 2.8187355995178223], [0.0, 0.0, 0.0, 1.0]], "0061": [[-0.8066986203193665, -0.026417842134833336, -0.5903723835945129, -2.3024520874023438], [-0.5909631848335266, 0.03606186807155609, 0.8058921098709106, 3.142979145050049], [1.862645371275562e-09, 0.9990002512931824, -0.044703029096126556, -0.17434179782867432], [0.0, 0.0, 0.0, 1.0]], "0062": [[-0.5606697201728821, 0.35671746730804443, -0.7472630739212036, -2.914325714111328], [-0.8280395269393921, -0.24153520166873932, 0.505975604057312, 1.9733047485351562], [0.0, 0.9024485349655151, 0.43079763650894165, 1.6801106929779053], [0.0, 0.0, 0.0, 1.0]], "0063": [[-0.6375913619995117, -0.48406967520713806, 0.5992944836616516, 2.3372483253479004], [0.7703747749328613, -0.40063440799713135, 0.4959988296031952, 1.9343953132629395], [-1.4901161193847656e-08, 0.7779258489608765, 0.6283560991287231, 2.4505887031555176], [0.0, 0.0, 0.0, 1.0]], "0064": [[-0.9543924927711487, 0.001312289503403008, -0.2985519468784332, -1.1643526554107666], [-0.2985548675060272, -0.0041950056329369545, 0.9543831944465637, 3.722094774246216], [-1.1641533570472262e-10, 0.9999903440475464, 0.004395471885800362, 0.017142340540885925], [0.0, 0.0, 0.0, 1.0]], "0065": [[0.9096449017524719, -0.10663719475269318, 0.4014657735824585, 1.5657167434692383], [0.41538694500923157, 0.2335219830274582, -0.8791593313217163, -3.4287219047546387], [7.450581485102248e-09, 0.9664864540100098, 0.2567177414894104, 1.0011993646621704], [0.0, 0.0, 0.0, 1.0]], "0066": [[0.09798239916563034, 0.16927188634872437, -0.9806867241859436, -3.8246779441833496], [-0.9951882362365723, 0.016665857285261154, -0.09655463695526123, -0.37656307220458984], [0.0, 0.9854284524917603, 0.17009034752845764, 0.6633523106575012], [0.0, 0.0, 0.0, 1.0]], "0067": [[-0.48698025941848755, -0.5465253591537476, 0.6812931895256042, 2.657043218612671], [0.8734130859375, -0.3047206997871399, 0.37986186146736145, 1.4814611673355103], [0.0, 0.7800354361534119, 0.6257352828979492, 2.4403674602508545], [0.0, 0.0, 0.0, 1.0]], "0068": [[-0.9683117270469666, 0.0007954363245517015, 0.24974344670772552, 0.9739995002746582], [0.2497447282075882, 0.0030840702820569277, 0.9683067202568054, 3.7763965129852295], [0.0, 0.9999949932098389, -0.003184997010976076, -0.012421488761901855], [0.0, 0.0, 0.0, 1.0]], "0069": [[0.8381149768829346, 0.08716506510972977, -0.538484513759613, -2.1000895500183105], [-0.5454936623573303, 0.13392336666584015, -0.8273459076881409, -3.2266488075256348], [0.0, 0.9871507883071899, 0.15979117155075073, 0.6231855154037476], [0.0, 0.0, 0.0, 1.0]], "0070": [[-0.11063358187675476, -0.3901882469654083, 0.9140642285346985, 3.564850330352783], [0.9938613176345825, -0.04343455657362938, 0.10175082087516785, 0.39682817459106445], [0.0, 0.9197100400924683, 0.39259833097457886, 1.5311334133148193], [0.0, 0.0, 0.0, 1.0]], "0071": [[0.8781304359436035, 0.027520673349499702, 0.4776291251182556, 1.8627537488937378], [0.4784213602542877, -0.050513509660959244, -0.8766763210296631, -3.4190378189086914], [0.0, 0.9983441829681396, -0.05752392113208771, -0.22434329986572266], [0.0, 0.0, 0.0, 1.0]], "0072": [[-0.6732390522956848, 0.07840609550476074, -0.7352561354637146, -2.8674991130828857], [-0.7394248247146606, -0.07138797640800476, 0.6694434881210327, 2.6108298301696777], [3.725290742551124e-09, 0.9943621754646301, 0.10603659600019455, 0.4135427474975586], [0.0, 0.0, 0.0, 1.0]], "0073": [[-0.39404767751693726, 0.09785738587379456, -0.9138656258583069, -3.5640757083892822], [-0.9190900325775146, -0.04195505753159523, 0.39180776476860046, 1.528050184249878], [0.0, 0.9943157434463501, 0.10647203028202057, 0.4152408838272095], [0.0, 0.0, 0.0, 1.0]], "0074": [[0.5564069747924805, 0.03505466878414154, -0.8301700949668884, -3.237663507461548], [-0.8309099674224854, 0.02347385697066784, -0.5559115409851074, -2.1680550575256348], [-1.862645371275562e-09, 0.9991096258163452, 0.042188286781311035, 0.164534330368042], [0.0, 0.0, 0.0, 1.0]], "0075": [[0.3861914873123169, -0.40107032656669617, 0.8306615948677063, 3.2395803928375244], [0.9224187135696411, 0.1679171770811081, -0.34777528047561646, -1.3563237190246582], [0.0, 0.9005256295204163, 0.43480291962623596, 1.695731520652771], [0.0, 0.0, 0.0, 1.0]], "0076": [[0.23019088804721832, -0.5186359286308289, 0.8234251141548157, 3.211358070373535], [0.973145604133606, 0.12267975509166718, -0.1947755515575409, -0.759624719619751], [7.450581485102248e-09, 0.8461480140686035, 0.5329478979110718, 2.0784969329833984], [0.0, 0.0, 0.0, 1.0]], "0077": [[-0.9627741575241089, -0.013467546552419662, 0.2699717581272125, 1.0528898239135742], [0.2703074812889099, -0.04796835780143738, 0.961578369140625, 3.750155448913574], [0.0, 0.9987580180168152, 0.04982306808233261, 0.19430994987487793], [0.0, 0.0, 0.0, 1.0]], "0078": [[-0.784089207649231, -0.2273167073726654, 0.5775217413902283, 2.2523348331451416], [0.6206482648849487, -0.28717806935310364, 0.7296057343482971, 2.8454625606536865], [0.0, 0.930513858795166, 0.3662568926811218, 1.4284019470214844], [0.0, 0.0, 0.0, 1.0]], "0079": [[-0.05168059095740318, 0.4715348482131958, -0.8803316950798035, -3.4332938194274902], [-0.9986636638641357, -0.02440181002020836, 0.045556943863630295, 0.17767208814620972], [0.0, 0.8815097808837891, 0.4721657931804657, 1.8414467573165894], [0.0, 0.0, 0.0, 1.0]], "0080": [[0.5637388229370117, -0.4268307685852051, 0.7071167826652527, 2.7577552795410156], [0.8259531855583191, 0.29132530093193054, -0.4826292395591736, -1.882253885269165], [0.0, 0.8561221361160278, 0.5167735815048218, 2.0154168605804443], [0.0, 0.0, 0.0, 1.0]], "0081": [[-0.6867882609367371, -0.43952396512031555, 0.5789132714271545, 2.2577619552612305], [0.7268575429916382, -0.41529443860054016, 0.5469996333122253, 2.133298635482788], [1.4901161193847656e-08, 0.7964605093002319, 0.6046906113624573, 2.3582935333251953], [0.0, 0.0, 0.0, 1.0]], "0082": [[-0.3927624523639679, -0.04192737117409706, -0.9186837077140808, -3.582866668701172], [-0.9196400046348572, 0.017906460911035538, 0.39235401153564453, 1.5301806926727295], [1.862645149230957e-09, 0.9989602565765381, -0.045591071248054504, -0.17780518531799316], [0.0, 0.0, 0.0, 1.0]], "0083": [[-0.576330304145813, 0.26789379119873047, -0.7720597386360168, -3.011033058166504], [-0.8172168135643005, -0.18892821669578552, 0.5444839596748352, 2.1234874725341797], [0.0, 0.9447427988052368, 0.3278123736381531, 1.278468370437622], [0.0, 0.0, 0.0, 1.0]], "0084": [[0.8898605704307556, 0.02597144991159439, 0.45549276471138, 1.7764219045639038], [0.45623263716697693, -0.05065611004829407, -0.8884174823760986, -3.4648284912109375], [0.0, 0.9983785152435303, -0.05692588537931442, -0.22201097011566162], [0.0, 0.0, 0.0, 1.0]], "0085": [[0.5851707458496094, 0.5068194270133972, -0.6330159902572632, -2.4687623977661133], [-0.8109102249145508, 0.3657321333885193, -0.45679834485054016, -1.7815136909484863], [1.4901162970204496e-08, 0.7806241512298584, 0.6250007748603821, 2.4375030994415283], [0.0, 0.0, 0.0, 1.0]], "0086": [[0.8249248266220093, -0.38905903697013855, 0.4100392758846283, 1.5991532802581787], [0.56524258852005, 0.56779944896698, -0.5984184145927429, -2.333832025527954], [1.4901162970204496e-08, 0.7254219055175781, 0.6883044838905334, 2.684387683868408], [0.0, 0.0, 0.0, 1.0]], "0087": [[-0.8909614682197571, -0.10040479898452759, 0.4428391456604004, 1.7270727157592773], [0.45407888293266296, -0.1970071792602539, 0.868907630443573, 3.388740062713623], [-7.450580596923828e-09, 0.9752471446990967, 0.2211175113916397, 0.8623583316802979], [0.0, 0.0, 0.0, 1.0]], "0088": [[0.07195846736431122, 0.042670100927352905, 0.9964944124221802, 3.8863284587860107], [0.9974076747894287, -0.003078455338254571, -0.07189258188009262, -0.28038108348846436], [0.0, 0.99908447265625, -0.042781002819538116, -0.1668459177017212], [0.0, 0.0, 0.0, 1.0]], "0089": [[0.40592101216316223, 0.6912621855735779, -0.5978167057037354, -2.3314852714538574], [-0.9139082431793213, 0.30703064799308777, -0.2655259668827057, -1.0355513095855713], [-1.4901162970204496e-08, 0.6541320085525513, 0.7563802599906921, 2.949883222579956], [0.0, 0.0, 0.0, 1.0]], "0090": [[-0.9289470911026001, 0.18845312297344208, -0.31865793466567993, -1.2427659034729004], [-0.37021273374557495, -0.4728712737560272, 0.7995845079421997, 3.1183793544769287], [1.4901161193847656e-08, 0.8607428669929504, 0.509040117263794, 1.985256314277649], [0.0, 0.0, 0.0, 1.0]], "0091": [[-0.6953198313713074, 0.5571394562721252, -0.4540109932422638, -1.7706429958343506], [-0.7187004685401917, -0.5390146970748901, 0.4392412304878235, 1.7130409479141235], [2.980232594040899e-08, 0.6317110657691956, 0.7752038240432739, 3.0232951641082764], [0.0, 0.0, 0.0, 1.0]], "0092": [[-0.13467293977737427, -0.653718888759613, 0.7446574568748474, 2.9041643142700195], [0.9908902049064636, -0.08884762972593307, 0.1012071892619133, 0.3947080671787262], [0.0, 0.7515036463737488, 0.6597289443016052, 2.5729429721832275], [0.0, 0.0, 0.0, 1.0]], "0093": [[0.990028440952301, 0.0003795047814492136, 0.14086705446243286, 0.5493814945220947], [0.14086756110191345, -0.002667189808562398, -0.9900248646736145, -3.8610968589782715], [0.0, 0.9999964237213135, -0.0026940535753965378, -0.010506808757781982], [0.0, 0.0, 0.0, 1.0]], "0094": [[-0.671264111995697, -0.34070277214050293, 0.6582751274108887, 2.5672731399536133], [0.7412182688713074, -0.3085481524467468, 0.5961489081382751, 2.3249809741973877], [-1.4901161193847656e-08, 0.888098955154419, 0.4596523642539978, 1.7926443815231323], [0.0, 0.0, 0.0, 1.0]], "0095": [[0.43603864312171936, -0.6100012063980103, 0.6616411209106445, 2.580400228500366], [0.8999279737472534, 0.2955615222454071, -0.32058241963386536, -1.2502713203430176], [0.0, 0.7352155447006226, 0.6778333783149719, 2.643549919128418], [0.0, 0.0, 0.0, 1.0]], "0096": [[-0.5602051615715027, 0.19076719880104065, -0.8060881495475769, -3.1437435150146484], [-0.8283538222312927, -0.12901343405246735, 0.545147180557251, 2.1260738372802734], [0.0, 0.9731204509735107, 0.2302967756986618, 0.8981573581695557], [0.0, 0.0, 0.0, 1.0]], "0097": [[0.7740499973297119, -0.3218129277229309, 0.5452367067337036, 2.1264233589172363], [0.6331245303153992, 0.39344438910484314, -0.6665993928909302, -2.5997378826141357], [-1.4901162970204496e-08, 0.8611840009689331, 0.5082932114601135, 1.9823436737060547], [0.0, 0.0, 0.0, 1.0]], "0098": [[0.9999768733978271, 7.245519373100251e-05, -0.00680617755278945, -0.02654409408569336], [-0.006806563585996628, 0.010644654743373394, -0.999920129776001, -3.899688720703125], [0.0, 0.9999434351921082, 0.010644899681210518, 0.04151511192321777], [0.0, 0.0, 0.0, 1.0]], "0099": [[0.6282892227172852, 0.25161823630332947, -0.7361664175987244, -2.871048927307129], [-0.777979850769043, 0.20320451259613037, -0.5945210456848145, -2.318631887435913], [0.0, 0.9462537169456482, 0.3234251141548157, 1.2613579034805298], [0.0, 0.0, 0.0, 1.0]]}