{"K": [[1111.111111111111, 0, 400.0], [0.0, 1111.111111111111, 400.0], [0.0, 0.0, 1.0]], "0000": [[-0.9798774123191833, 0.1555650681257248, -0.12505972385406494, -0.5002388954162598], [-0.1996006965637207, -0.7636982202529907, 0.6139417886734009, 2.4557671546936035], [7.450581485102248e-09, 0.6265496611595154, 0.779381513595581, 3.117526054382324], [0.0, 0.0, 0.0, 1.0]], "0001": [[0.5462530851364136, 0.5399938225746155, -0.6403236389160156, -2.5612945556640625], [-0.8376202583312988, 0.3521563410758972, -0.4175863265991211, -1.6703453063964844], [-1.4901161193847656e-08, 0.7644557952880859, 0.644676148891449, 2.578704595565796], [0.0, 0.0, 0.0, 1.0]], "0002": [[0.9258801341056824, -0.21637322008609772, 0.30972349643707275, 1.238893985748291], [0.37781742215156555, 0.5302446484565735, -0.7590090036392212, -3.0360360145568848], [0.0, 0.8197702765464783, 0.5726925134658813, 2.2907700538635254], [0.0, 0.0, 0.0, 1.0]], "0003": [[0.9899498224258423, -0.09635794907808304, 0.10351157188415527, 0.4140462875366211], [0.14141960442066193, 0.6745141744613647, -0.7245902419090271, -2.8983609676361084], [7.450581485102248e-09, 0.7319465279579163, 0.6813620924949646, 2.7254483699798584], [0.0, 0.0, 0.0, 1.0]], "0004": [[0.39695867896080017, -0.7719973921775818, 0.4964311122894287, 1.9857244491577148], [0.9178364872932434, 0.33388417959213257, -0.21470344066619873, -0.8588137626647949], [1.4901161193847656e-08, 0.5408709049224854, 0.841105580329895, 3.36442232131958], [0.0, 0.0, 0.0, 1.0]], "0005": [[0.38214078545570374, -0.3834225833415985, 0.8408064842224121, 3.3632259368896484], [0.9241040945053101, 0.15855510532855988, -0.34769511222839355, -1.3907804489135742], [0.0, 0.9098612666130066, 0.41491276025772095, 1.6596510410308838], [0.0, 0.0, 0.0, 1.0]], "0006": [[0.9388608932495117, -0.041846323758363724, 0.34174445271492004, 1.3669778108596802], [0.34429696202278137, 0.11411043256521225, -0.9319004416465759, -3.7276017665863037], [0.0, 0.9925863146781921, 0.12154138088226318, 0.48616552352905273], [0.0, 0.0, 0.0, 1.0]], "0007": [[0.9470122456550598, 0.1390773504972458, -0.2895260453224182, -1.1581041812896729], [-0.321197509765625, 0.4100528359413147, -0.8536326885223389, -3.4145307540893555], [7.450580596923828e-09, 0.9013957381248474, 0.43299636244773865, 1.7319854497909546], [0.0, 0.0, 0.0, 1.0]], "0008": [[0.521904706954956, 0.2913464307785034, -0.8017061948776245, -3.206824779510498], [-0.8530037999153137, 0.17825838923454285, -0.49051856994628906, -1.9620742797851562], [1.4901161193847656e-08, 0.9398623108863831, 0.3415535092353821, 1.3662140369415283], [0.0, 0.0, 0.0, 1.0]], "0009": [[0.5451251268386841, -0.41308602690696716, 0.7295194268226624, 2.9180774688720703], [0.8383547067642212, 0.26860180497169495, -0.4743569493293762, -1.8974275588989258], [-1.4901161193847656e-08, 0.8701798319816589, 0.49273425340652466, 1.9709367752075195], [0.0, 0.0, 0.0, 1.0]], "0010": [[-0.31191474199295044, 0.129969522356987, -0.941178560256958, -3.764714241027832], [-0.950110137462616, -0.04266811162233353, 0.3089825510978699, 1.2359302043914795], [0.0, 0.9905994534492493, 0.13679417967796326, 0.547176718711853], [0.0, 0.0, 0.0, 1.0]], "0011": [[-0.9144642949104309, 0.06317046284675598, -0.3997054994106293, -1.598821997642517], [-0.4046664834022522, -0.14275243878364563, 0.903253436088562, 3.613013744354248], [3.7252898543727042e-09, 0.9877405166625977, 0.15610498189926147, 0.6244199275970459], [0.0, 0.0, 0.0, 1.0]], "0012": [[0.9712483882904053, -0.07055492699146271, 0.2273731231689453, 0.9094924926757812], [0.2380683422088623, 0.2878432273864746, -0.9276150465011597, -3.7104601860046387], [0.0, 0.9550750255584717, 0.2963641881942749, 1.1854567527770996], [0.0, 0.0, 0.0, 1.0]], "0013": [[-0.8511096835136414, 0.19069227576255798, -0.4891306161880493, -1.9565222263336182], [-0.5249878764152527, -0.3091500997543335, 0.7929779887199402, 3.1719114780426025], [0.0, 0.9316987991333008, 0.3632318377494812, 1.4529272317886353], [0.0, 0.0, 0.0, 1.0]], "0014": [[-0.4664227068424225, 0.23480302095413208, -0.852829098701477, -3.411316394805908], [-0.884562075138092, -0.1238097995519638, 0.44969016313552856, 1.7987606525421143], [7.450581485102248e-09, 0.9641258120536804, 0.2654455304145813, 1.0617821216583252], [0.0, 0.0, 0.0, 1.0]], "0015": [[-0.9929598569869995, 0.06164898723363876, -0.10114395618438721, -0.40457582473754883], [-0.11845125257968903, -0.5167946219444275, 0.8478752970695496, 3.3915011882781982], [3.725290742551124e-09, 0.8538867235183716, 0.5204587578773499, 2.0818350315093994], [0.0, 0.0, 0.0, 1.0]], "0016": [[0.7449625730514526, 0.5584390759468079, -0.3649336099624634, -1.4597344398498535], [-0.6671062707901001, 0.6236131191253662, -0.40752410888671875, -1.630096435546875], [0.0, 0.5470397472381592, 0.8371066451072693, 3.348426580429077], [0.0, 0.0, 0.0, 1.0]], "0017": [[-0.999039888381958, -0.03457989916205406, 0.026899635791778564, 0.10759854316711426], [0.04381050169467926, -0.7885483503341675, 0.6134101748466492, 2.4536406993865967], [1.862645371275562e-09, 0.6139997243881226, 0.7893062233924866, 3.1572248935699463], [0.0, 0.0, 0.0, 1.0]], "0018": [[-0.6032865643501282, 0.11153541505336761, -0.7896867990493774, -3.1587471961975098], [-0.7975245118141174, -0.08437083661556244, 0.5973576903343201, 2.3894307613372803], [7.450580596923828e-09, 0.9901723861694336, 0.13985201716423035, 0.5594080686569214], [0.0, 0.0, 0.0, 1.0]], "0019": [[-0.6118026971817017, -0.48409825563430786, 0.6255767345428467, 2.5023069381713867], [0.7910103797912598, -0.37442317605018616, 0.4838489592075348, 1.9353958368301392], [-1.4901161193847656e-08, 0.7908577919006348, 0.6119999289512634, 2.4479997158050537], [0.0, 0.0, 0.0, 1.0]], "0020": [[-0.9099054932594299, -0.15111751854419708, 0.38631027936935425, 1.545240879058838], [0.414815753698349, -0.33147886395454407, 0.8473781943321228, 3.389512300491333], [0.0, 0.9312814474105835, 0.364300400018692, 1.4572014808654785], [0.0, 0.0, 0.0, 1.0]], "0021": [[-0.9203481078147888, 0.2994486391544342, -0.2515748143196106, -1.0062992572784424], [-0.3911002278327942, -0.7046710252761841, 0.5920130014419556, 2.3680520057678223], [1.4901161193847656e-08, 0.643248975276947, 0.7656570672988892, 3.0626282691955566], [0.0, 0.0, 0.0, 1.0]], "0022": [[-0.7105050086975098, -0.3138115108013153, 0.6298452019691467, 2.519380807876587], [0.7036921381950378, -0.3168497085571289, 0.6359431147575378, 2.5437724590301514], [0.0, 0.8950578570365906, 0.4459500014781952, 1.7838000059127808], [0.0, 0.0, 0.0, 1.0]], "0023": [[0.6434935331344604, -0.6191519498825073, 0.4500744342803955, 1.800297737121582], [0.7654516100883484, 0.520503580570221, -0.3783648610115051, -1.5134594440460205], [-1.4901161193847656e-08, 0.5879854559898376, 0.8088715076446533, 3.2354860305786133], [0.0, 0.0, 0.0, 1.0]], "0024": [[0.794222354888916, -0.13302510976791382, 0.5928871631622314, 2.371548652648926], [0.607627272605896, 0.17387552559375763, -0.7749557495117188, -3.099822998046875], [7.450580596923828e-09, 0.9757416248321533, 0.21892550587654114, 0.8757020235061646], [0.0, 0.0, 0.0, 1.0]], "0025": [[-0.9978593587875366, -0.04864868149161339, 0.0437052920460701, 0.1748211532831192], [0.06539761275053024, -0.742298424243927, 0.6668704748153687, 2.6674816608428955], [0.0, 0.668300986289978, 0.7438909411430359, 2.9755635261535645], [0.0, 0.0, 0.0, 1.0]], "0026": [[0.8825781345367432, 0.26522397994995117, -0.3882165551185608, -1.552865982055664], [-0.4701656997203827, 0.4978688955307007, -0.7287461161613464, -2.9149842262268066], [0.0, 0.8257014155387878, 0.5641074180603027, 2.256429433822632], [0.0, 0.0, 0.0, 1.0]], "0027": [[0.60982745885849, -0.12435511499643326, 0.782717227935791, 3.130868911743164], [0.7925342917442322, 0.09568693488836288, -0.6022736430168152, -2.4090945720672607], [-7.450581485102248e-09, 0.9876131415367126, 0.15690821409225464, 0.6276328563690186], [0.0, 0.0, 0.0, 1.0]], "0028": [[0.26306915283203125, -0.3621121942996979, 0.8942424058914185, 3.5769691467285156], [0.9647769927978516, 0.0987384095788002, -0.24383622407913208, -0.9753447771072388], [0.0, 0.9268901944160461, 0.3753325939178467, 1.5013301372528076], [0.0, 0.0, 0.0, 1.0]], "0029": [[-0.5171027183532715, 0.5484724640846252, -0.6571018099784851, -2.6284072399139404], [-0.8559234142303467, -0.331357479095459, 0.3969854712486267, 1.5879418849945068], [0.0, 0.7677111029624939, 0.6407961845397949, 2.5631847381591797], [0.0, 0.0, 0.0, 1.0]], "0030": [[-0.8232799172401428, -0.239205002784729, 0.5147730112075806, 2.0590920448303223], [0.567635715007782, -0.346934974193573, 0.746609628200531, 2.986438512802124], [0.0, 0.9068722128868103, 0.4214058220386505, 1.685623288154602], [0.0, 0.0, 0.0, 1.0]], "0031": [[-0.9867997169494629, 0.12556098401546478, -0.10227852314710617, -0.4091140329837799], [-0.16194584965705872, -0.7650924324989319, 0.6232231855392456, 2.4928925037384033], [-7.450580596923828e-09, 0.6315599083900452, 0.7753271460533142, 3.1013081073760986], [0.0, 0.0, 0.0, 1.0]], "0032": [[-0.7413092851638794, 0.10391177237033844, -0.6630708575248718, -2.6522834300994873], [-0.6711636185646057, -0.11477194726467133, 0.7323706746101379, 2.9294826984405518], [0.0, 0.9879422187805176, 0.15482330322265625, 0.619293212890625], [0.0, 0.0, 0.0, 1.0]], "0033": [[-0.3695305585861206, 0.37586772441864014, -0.8498062491416931, -3.3992249965667725], [-0.9292186498641968, -0.1494746059179306, 0.3379499316215515, 1.351799726486206], [1.4901161193847656e-08, 0.9145386219024658, 0.4044986963272095, 1.617994785308838], [0.0, 0.0, 0.0, 1.0]], "0034": [[-0.9933649897575378, -0.023983730003237724, 0.11247530579566956, 0.4499012231826782], [0.11500395834445953, -0.2071632742881775, 0.9715232849121094, 3.8860931396484375], [0.0, 0.9780123829841614, 0.2085469663143158, 0.8341878652572632], [0.0, 0.0, 0.0, 1.0]], "0035": [[-0.8992048501968384, 0.265678733587265, -0.3476283550262451, -1.3905134201049805], [-0.4375278949737549, -0.5460214614868164, 0.7144438028335571, 2.8577752113342285], [-1.4901161193847656e-08, 0.7945284247398376, 0.6072269678115845, 2.428907871246338], [0.0, 0.0, 0.0, 1.0]], "0036": [[-0.8145214319229126, -0.3112105131149292, 0.4895946979522705, 1.958378791809082], [0.5801336169242859, -0.43694695830345154, 0.687402606010437, 2.749610424041748], [0.0, 0.8439344167709351, 0.5364463329315186, 2.145785331726074], [0.0, 0.0, 0.0, 1.0]], "0037": [[0.17201310396194458, -0.5730026364326477, 0.8012987375259399, 3.2051944732666016], [0.9850946664810181, 0.10005530714988708, -0.13991941511631012, -0.5596776008605957], [0.0, 0.8134230375289917, 0.5816726684570312, 2.326690435409546], [0.0, 0.0, 0.0, 1.0]], "0038": [[0.7360987067222595, -0.24206212162971497, 0.6321112513542175, 2.52844500541687], [0.6768742203712463, 0.26324182748794556, -0.6874191164970398, -2.749676465988159], [0.0, 0.9338680505752563, 0.35761758685112, 1.43047034740448], [0.0, 0.0, 0.0, 1.0]], "0039": [[-0.6454103589057922, -0.5430721640586853, 0.5371388792991638, 2.1485555171966553], [0.763836145401001, -0.45887383818626404, 0.45386046171188354, 1.8154418468475342], [-1.4901162970204496e-08, 0.7032121419906616, 0.7109799981117249, 2.8439199924468994], [0.0, 0.0, 0.0, 1.0]], "0040": [[0.38040491938591003, 0.7132059335708618, -0.5887523889541626, -2.3550095558166504], [-0.924820065498352, 0.29336196184158325, -0.24217067658901215, -0.9686827063560486], [0.0, 0.6366129517555237, 0.7711835503578186, 3.0847342014312744], [0.0, 0.0, 0.0, 1.0]], "0041": [[-0.6417330503463745, -0.6436668634414673, 0.41697919368743896, 1.6679167747497559], [0.7669281959533691, -0.5385932326316833, 0.3489105701446533, 1.3956422805786133], [0.0, 0.5437005162239075, 0.839279294013977, 3.357117176055908], [0.0, 0.0, 0.0, 1.0]], "0042": [[0.7436844110488892, 0.4040689468383789, -0.5325990915298462, -2.1303963661193848], [-0.6685308814048767, 0.4494927227497101, -0.592471718788147, -2.369886875152588], [0.0, 0.7966709136962891, 0.6044133305549622, 2.4176533222198486], [0.0, 0.0, 0.0, 1.0]], "0043": [[0.5855082273483276, 0.35524502396583557, -0.7286845445632935, -2.914738178253174], [-0.810666561126709, 0.25657761096954346, -0.5262962579727173, -2.105185031890869], [1.4901161193847656e-08, 0.8988709449768066, 0.4382135570049286, 1.7528542280197144], [0.0, 0.0, 0.0, 1.0]], "0044": [[-0.8615419864654541, 0.4211443066596985, -0.28351882100105286, -1.1340752840042114], [-0.5076864361763, -0.7146803736686707, 0.48113036155700684, 1.9245214462280273], [-1.4901162970204496e-08, 0.5584526658058167, 0.8295363783836365, 3.318145513534546], [0.0, 0.0, 0.0, 1.0]], "0045": [[-0.999719500541687, 0.012713227421045303, -0.019982995465397835, -0.07993197441101074], [-0.02368430234491825, -0.5366280674934387, 0.8434865474700928, 3.373945713043213], [0.0, 0.8437231779098511, 0.5367786884307861, 2.1471145153045654], [0.0, 0.0, 0.0, 1.0]], "0046": [[-0.9153106808662415, -0.1540168672800064, 0.3721359968185425, 1.48854398727417], [0.40274858474731445, -0.35002800822257996, 0.8457387089729309, 3.3829548358917236], [0.0, 0.9239908456802368, 0.38241446018218994, 1.5296578407287598], [0.0, 0.0, 0.0, 1.0]], "0047": [[0.9999986886978149, 0.0008167358464561403, -0.0014068186283111572, -0.005627274513244629], [-0.0016267134342342615, 0.5020766258239746, -0.8648215532302856, -3.4592862129211426], [0.0, 0.8648226857185364, 0.5020773410797119, 2.0083093643188477], [0.0, 0.0, 0.0, 1.0]], "0048": [[-0.8189919590950012, 0.13795092701911926, -0.5569756031036377, -2.2279021739959717], [-0.5738050937652588, -0.19689737260341644, 0.7949712872505188, 3.179884672164917], [-7.450580596923828e-09, 0.9706703424453735, 0.24041429162025452, 0.9616570472717285], [0.0, 0.0, 0.0, 1.0]], "0049": [[-0.9999188780784607, -0.010221932083368301, 0.007604777812957764, 0.030419111251831055], [0.01274050772190094, -0.8022523522377014, 0.5968490839004517, 2.3873963356018066], [0.0, 0.5968976020812988, 0.8023174405097961, 3.2092697620391846], [0.0, 0.0, 0.0, 1.0]], "0050": [[0.9994103908538818, -0.024058304727077484, 0.024498403072357178, 0.09799361228942871], [0.034336190670728683, 0.7002559304237366, -0.7130656838417053, -2.8522627353668213], [0.0, 0.7134863138198853, 0.7006691098213196, 2.8026764392852783], [0.0, 0.0, 0.0, 1.0]], "0051": [[-0.858823835849762, 0.35655301809310913, -0.36781996488571167, -1.4712798595428467], [-0.5122710466384888, -0.5977621674537659, 0.6166512370109558, 2.4666049480438232], [0.0, 0.7180182337760925, 0.6960242986679077, 2.784097194671631], [0.0, 0.0, 0.0, 1.0]], "0052": [[0.19672107696533203, 0.6053566932678223, -0.7712613940238953, -3.085045576095581], [-0.9804595708847046, 0.12145978957414627, -0.15474718809127808, -0.6189887523651123], [0.0, 0.7866326570510864, 0.6174213886260986, 2.4696855545043945], [0.0, 0.0, 0.0, 1.0]], "0053": [[0.03681427985429764, -0.1136193498969078, 0.9928420782089233, 3.9713683128356934], [0.9993221759796143, 0.004185651428997517, -0.0365755558013916, -0.1463022232055664], [0.0, 0.9935155510902405, 0.11369642615318298, 0.45478570461273193], [0.0, 0.0, 0.0, 1.0]], "0054": [[0.8661003112792969, -0.3088908791542053, 0.3930097818374634, 1.5720391273498535], [0.499870240688324, 0.5351998805999756, -0.6809484958648682, -2.7237939834594727], [0.0, 0.7862235307693481, 0.6179421544075012, 2.471768617630005], [0.0, 0.0, 0.0, 1.0]], "0055": [[0.9982253313064575, 0.03575935214757919, -0.04761777073144913, -0.19047105312347412], [-0.059549830853939056, 0.5994288921356201, -0.7982098460197449, -3.1928389072418213], [0.0, 0.7996288537979126, 0.6004945635795593, 2.401978015899658], [0.0, 0.0, 0.0, 1.0]], "0056": [[0.24216726422309875, 0.8239708542823792, -0.5122764110565186, -2.049105405807495], [-0.9702345132827759, 0.20566034317016602, -0.12786246836185455, -0.5114498138427734], [-7.4505797087454084e-09, 0.527992308139801, 0.8492492437362671, 3.39699649810791], [0.0, 0.0, 0.0, 1.0]], "0057": [[-0.526551365852356, -0.16738519072532654, 0.8335021734237671, 3.3340086936950684], [0.8501433730125427, -0.10367298871278763, 0.5162443518638611, 2.0649774074554443], [0.0, 0.9804254174232483, 0.19689056277275085, 0.7875622510910034], [0.0, 0.0, 0.0, 1.0]], "0058": [[0.9572879672050476, 0.11866723001003265, -0.2636626064777374, -1.0546504259109497], [-0.28913646936416626, 0.3928896188735962, -0.8729478120803833, -3.491791248321533], [0.0, 0.9118968844413757, 0.4104194939136505, 1.641677975654602], [0.0, 0.0, 0.0, 1.0]], "0059": [[-0.9576542377471924, -0.2440260350704193, 0.1528058648109436, 0.6112234592437744], [0.28792068362236023, -0.8116559982299805, 0.5082482099533081, 2.0329928398132324], [7.4505797087454084e-09, 0.5307221412658691, 0.8475459218025208, 3.390183687210083], [0.0, 0.0, 0.0, 1.0]], "0060": [[0.9993610382080078, 0.02382740005850792, -0.026644587516784668, -0.10657835006713867], [-0.03574463725090027, 0.6661747694015503, -0.7449386715888977, -2.979754686355591], [0.0, 0.7454149723052979, 0.6666007041931152, 2.666402816772461], [0.0, 0.0, 0.0, 1.0]], "0061": [[0.43439045548439026, -0.47889381647109985, 0.762866735458374, 3.051466941833496], [0.9007247686386108, 0.23095500469207764, -0.36790597438812256, -1.4716238975524902], [1.4901162970204496e-08, 0.8469477891921997, 0.5316761136054993, 2.126704454421997], [0.0, 0.0, 0.0, 1.0]], "0062": [[0.5440316796302795, -0.33397722244262695, 0.7697329521179199, 3.0789318084716797], [0.8390647172927856, 0.21654370427131653, -0.4990784227848053, -1.9963136911392212], [0.0, 0.9173702001571655, 0.39803510904312134, 1.5921404361724854], [0.0, 0.0, 0.0, 1.0]], "0063": [[-0.4159797430038452, -0.6351020932197571, 0.6508504152297974, 2.6034014225006104], [0.9093738794326782, -0.2905181348323822, 0.2977219521999359, 1.190887689590454], [1.4901161193847656e-08, 0.7157125473022461, 0.6983949542045593, 2.793579578399658], [0.0, 0.0, 0.0, 1.0]], "0064": [[-0.9922360777854919, 0.016062729060649872, -0.12332725524902344, -0.49330902099609375], [-0.12436889857053757, -0.12815116345882416, 0.9839256405830383, 3.9357025623321533], [0.0, 0.9916244745254517, 0.12915390729904175, 0.516615629196167], [0.0, 0.0, 0.0, 1.0]], "0065": [[-0.5676239132881165, 0.13420917093753815, -0.8122751712799072, -3.249100685119629], [-0.8232880234718323, -0.09253182262182236, 0.5600310564041138, 2.240124225616455], [0.0, 0.9866233468055725, 0.16301608085632324, 0.652064323425293], [0.0, 0.0, 0.0, 1.0]], "0066": [[0.9983118772506714, -0.047178491950035095, 0.0338749922811985, 0.1354999542236328], [0.05808033049106598, 0.8109260201454163, -0.5822592377662659, -2.3290367126464844], [0.0, 0.583243727684021, 0.8122972846031189, 3.2491886615753174], [0.0, 0.0, 0.0, 1.0]], "0067": [[0.1763797104358673, -0.6145156025886536, 0.7689348459243774, 3.0757393836975098], [0.9843222498893738, 0.1101144328713417, -0.1377846598625183, -0.5511386394500732], [0.0, 0.7811821103096008, 0.6243032813072205, 2.497213125228882], [0.0, 0.0, 0.0, 1.0]], "0068": [[-0.9433183073997498, -0.1584174931049347, 0.291640967130661, 1.166563868522644], [0.3318893611431122, -0.4502648115158081, 0.8289216160774231, 3.3156864643096924], [-1.4901161193847656e-08, 0.8787294626235962, 0.47732013463974, 1.90928053855896], [0.0, 0.0, 0.0, 1.0]], "0069": [[-0.685046911239624, -0.23659567534923553, 0.6890089511871338, 2.756035566329956], [0.7284990549087524, -0.22248366475105286, 0.6479122638702393, 2.591648817062378], [0.0, 0.945792555809021, 0.3247714340686798, 1.2990856170654297], [0.0, 0.0, 0.0, 1.0]], "0070": [[-0.5004804134368896, -0.44450822472572327, 0.7429211139678955, 2.971684455871582], [0.86574786901474, -0.25696587562561035, 0.42947548627853394, 1.7179019451141357], [-1.4901161193847656e-08, 0.8581264615058899, 0.5134384036064148, 2.053753614425659], [0.0, 0.0, 0.0, 1.0]], "0071": [[-0.21481773257255554, 0.36861902475357056, -0.9044188261032104, -3.617675304412842], [-0.9766541719436646, -0.08107875287532806, 0.19892936944961548, 0.7957174777984619], [0.0, 0.9260379672050476, 0.37743043899536133, 1.5097217559814453], [0.0, 0.0, 0.0, 1.0]], "0072": [[-0.9643641114234924, 0.09026685357093811, -0.24870452284812927, -0.9948179721832275], [-0.26457899808883667, -0.3290136754512787, 0.9065032005310059, 3.6260123252868652], [7.450581485102248e-09, 0.9400009512901306, 0.3411717116832733, 1.3646867275238037], [0.0, 0.0, 0.0, 1.0]], "0073": [[-0.9996947646141052, -0.01922200433909893, 0.015522122383117676, 0.0620884895324707], [0.02470671385526657, -0.7777698636054993, 0.628063440322876, 2.512253761291504], [0.0, 0.6282551884651184, 0.7780073285102844, 3.1120293140411377], [0.0, 0.0, 0.0, 1.0]], "0074": [[-0.9999806880950928, -0.003882958320900798, 0.004850506782531738, 0.019402027130126953], [0.006213274784386158, -0.6249334812164307, 0.7806532979011536, 3.1226131916046143], [-2.3283064365386963e-10, 0.7806683778762817, 0.6249455213546753, 2.499782085418701], [0.0, 0.0, 0.0, 1.0]], "0075": [[0.7193818688392639, 0.19505822658538818, -0.6666648387908936, -2.666659355163574], [-0.6946147680282593, 0.20201319456100464, -0.6904353499412537, -2.7617413997650146], [0.0, 0.959761917591095, 0.2808149456977844, 1.1232597827911377], [0.0, 0.0, 0.0, 1.0]], "0076": [[0.08406565338373184, 0.36480236053466797, -0.9272822141647339, -3.7091288566589355], [-0.9964603185653687, 0.030776282772421837, -0.07822948694229126, -0.31291794776916504], [-1.862645371275562e-09, 0.9305761456489563, 0.3660982847213745, 1.464393138885498], [0.0, 0.0, 0.0, 1.0]], "0077": [[-0.5292074084281921, 0.5078801512718201, -0.6797038316726685, -2.718815326690674], [-0.8484926223754883, -0.3167663812637329, 0.42393335700035095, 1.6957334280014038], [1.4901162970204496e-08, 0.8010722994804382, 0.5985676050186157, 2.394270420074463], [0.0, 0.0, 0.0, 1.0]], "0078": [[-0.21353906393051147, -0.7600259184837341, 0.6138091087341309, 2.4552364349365234], [0.9769346117973328, -0.16612699627876282, 0.13416683673858643, 0.5366673469543457], [-7.450581485102248e-09, 0.6283011436462402, 0.7779701948165894, 3.1118807792663574], [0.0, 0.0, 0.0, 1.0]], "0079": [[-0.43180277943611145, 0.457437664270401, -0.7773656249046326, -3.109462022781372], [-0.9019681215286255, -0.21899095177650452, 0.37215131521224976, 1.4886051416397095], [-1.4901161193847656e-08, 0.8618547916412354, 0.5071551203727722, 2.0286202430725098], [0.0, 0.0, 0.0, 1.0]], "0080": [[0.8382307887077332, -0.3044118881225586, 0.4524407982826233, 1.809762954711914], [0.5453157424926758, 0.4679259955883026, -0.6954682469367981, -2.7818727493286133], [-1.4901161193847656e-08, 0.8296858668327332, 0.5582306385040283, 2.232922315597534], [0.0, 0.0, 0.0, 1.0]], "0081": [[-0.5580188632011414, -0.6688257455825806, 0.49120983481407166, 1.9648393392562866], [0.8298283219337463, -0.449752539396286, 0.3303145468235016, 1.3212581872940063], [0.0, 0.5919414162635803, 0.805980920791626, 3.223923683166504], [0.0, 0.0, 0.0, 1.0]], "0082": [[-0.2616117596626282, -0.34688082337379456, 0.9006847143173218, 3.602738857269287], [0.9651733040809631, -0.09402260184288025, 0.24413204193115234, 0.9765281677246094], [0.0, 0.9331845641136169, 0.3593975007534027, 1.4375900030136108], [0.0, 0.0, 0.0, 1.0]], "0083": [[0.9999808073043823, -0.0029724212363362312, 0.005443751811981201, 0.021775007247924805], [0.006202396936714649, 0.47922834753990173, -0.8776683807373047, -3.5106735229492188], [0.0, 0.8776852488517761, 0.47923752665519714, 1.9169501066207886], [0.0, 0.0, 0.0, 1.0]], "0084": [[-0.8929335474967957, -0.3238406479358673, 0.3127249479293823, 1.2508997917175293], [0.45018845796585083, -0.6423269510269165, 0.6202793121337891, 2.4811172485351562], [0.0, 0.6946533918380737, 0.7193446159362793, 2.877378463745117], [0.0, 0.0, 0.0, 1.0]], "0085": [[-0.9568823575973511, 0.1650366634130478, -0.23903805017471313, -0.956152081489563], [-0.2904759645462036, -0.5436617136001587, 0.7874361872673035, 3.1497442722320557], [0.0, 0.8229184746742249, 0.5681594610214233, 2.2726376056671143], [0.0, 0.0, 0.0, 1.0]], "0086": [[0.845055103302002, -0.44380995631217957, 0.2981857359409332, 1.192742943763733], [0.5346794128417969, 0.7014368772506714, -0.4712793827056885, -1.885117530822754], [1.4901162970204496e-08, 0.5576907992362976, 0.8300487995147705, 3.320195198059082], [0.0, 0.0, 0.0, 1.0]], "0087": [[-0.002468118676915765, 0.23367586731910706, -0.9723114371299744, -3.8892457485198975], [-0.9999970197677612, -0.0005767415277659893, 0.0023997873067855835, 0.009599149227142334], [0.0, 0.9723144173622131, 0.23367656767368317, 0.9347062706947327], [0.0, 0.0, 0.0, 1.0]], "0088": [[0.18250010907649994, 0.7296261787414551, -0.6590442657470703, -2.6361770629882812], [-0.9832059144973755, 0.13543130457401276, -0.12233006954193115, -0.4893202781677246], [0.0, 0.6703013777732849, 0.7420889735221863, 2.968355894088745], [0.0, 0.0, 0.0, 1.0]], "0089": [[-0.8883976936340332, 0.2647719979286194, -0.37502729892730713, -1.5001091957092285], [-0.45907485485076904, -0.5123844742774963, 0.7257496118545532, 2.902998447418213], [1.4901162970204496e-08, 0.81691974401474, 0.5767512917518616, 2.3070051670074463], [0.0, 0.0, 0.0, 1.0]], "0090": [[0.9767771363258362, -0.1738707572221756, 0.1252020001411438, 0.5008080005645752], [0.21425822377204895, 0.7926555871963501, -0.5707806348800659, -2.2831225395202637], [0.0, 0.5843509435653687, 0.8115010261535645, 3.246004104614258], [0.0, 0.0, 0.0, 1.0]], "0091": [[-0.8966268301010132, 0.3590514361858368, -0.2591184973716736, -1.0364739894866943], [-0.4427869915962219, -0.7270655035972595, 0.5247051119804382, 2.098820447921753], [0.0, 0.5851989984512329, 0.810889720916748, 3.243558883666992], [0.0, 0.0, 0.0, 1.0]], "0092": [[0.8920386433601379, -0.1546560376882553, 0.42467474937438965, 1.6986989974975586], [0.4519592523574829, 0.30524691939353943, -0.8381868600845337, -3.3527474403381348], [0.0, 0.9396307468414307, 0.3421902358531952, 1.3687609434127808], [0.0, 0.0, 0.0, 1.0]], "0093": [[0.9901854991912842, 0.07645279169082642, -0.11699416488409042, -0.4679766595363617], [-0.13975930213928223, 0.5416629910469055, -0.8288959860801697, -3.3155839443206787], [0.0, 0.8371118307113647, 0.547031819820404, 2.188127279281616], [0.0, 0.0, 0.0, 1.0]], "0094": [[-0.5513643622398376, 0.06623233109712601, -0.8316313028335571, -3.3265252113342285], [-0.8342645168304443, -0.0437728650867939, 0.5496240854263306, 2.1984963417053223], [0.0, 0.9968435764312744, 0.07939009368419647, 0.3175603747367859], [0.0, 0.0, 0.0, 1.0]], "0095": [[0.8374086618423462, 0.2964615523815155, -0.4591919481754303, -1.8367677927017212], [-0.5465772747993469, 0.45420747995376587, -0.7035260200500488, -2.8141040802001953], [1.4901161193847656e-08, 0.8401226997375488, 0.5423964262008667, 2.169585704803467], [0.0, 0.0, 0.0, 1.0]], "0096": [[-0.418256938457489, 0.19744935631752014, -0.8866086602210999, -3.5464346408843994], [-0.9083288908004761, -0.09091922640800476, 0.4082554280757904, 1.6330217123031616], [-7.450581485102248e-09, 0.9760878682136536, 0.21737653017044067, 0.8695061206817627], [0.0, 0.0, 0.0, 1.0]], "0097": [[0.6522988080978394, 0.5488637089729309, -0.5227378010749817, -2.0909512042999268], [-0.7579618692398071, 0.4723498225212097, -0.4498659670352936, -1.7994638681411743], [0.0, 0.6896623969078064, 0.7241310477256775, 2.89652419090271], [0.0, 0.0, 0.0, 1.0]], "0098": [[-0.5820459127426147, 0.519458532333374, -0.6256080865859985, -2.502432346343994], [-0.813156008720398, -0.3718212842941284, 0.4478016793727875, 1.79120671749115], [0.0, 0.7693580985069275, 0.6388177871704102, 2.5552711486816406], [0.0, 0.0, 0.0, 1.0]], "0099": [[0.6448516845703125, 0.21977277100086212, -0.7320289015769958, -2.9281153678894043], [-0.7643076777458191, 0.18542379140853882, -0.6176177859306335, -2.470470905303955], [0.0, 0.9577671885490417, 0.2875448763370514, 1.150179386138916], [0.0, 0.0, 0.0, 1.0]]}