{"K": [[1111.111111111111, 0, 400.0], [0.0, 1111.111111111111, 400.0], [0.0, 0.0, 1.0]], "0000": [[-0.5273895859718323, -0.2815169095993042, 0.8016286492347717, 3.1263515949249268], [0.8496236205101013, -0.17474690079689026, 0.49759751558303833, 1.9406301975250244], [0.0, 0.9435103535652161, 0.3313431143760681, 1.2922381162643433], [0.0, 0.0, 0.0, 1.0]], "0001": [[0.9784080386161804, -0.012193803675472736, 0.20632271468639374, 0.8046586513519287], [0.20668275654315948, 0.05772380903363228, -0.9767037034034729, -3.8091447353363037], [9.31322685637781e-10, 0.9982580542564392, 0.058997683227062225, 0.23009097576141357], [0.0, 0.0, 0.0, 1.0]], "0002": [[-0.9840937256813049, 0.09573689103126526, -0.14964671432971954, -0.5836222171783447], [-0.17765048146247864, -0.5303338766098022, 0.8289669752120972, 3.232971429824829], [0.0, 0.8423659801483154, 0.5389058589935303, 2.1017329692840576], [0.0, 0.0, 0.0, 1.0]], "0003": [[-0.9346976280212402, 0.02695232816040516, -0.3544207215309143, -1.382240891456604], [-0.3554441034793854, -0.07087549567222595, 0.9320064783096313, 3.6348254680633545], [0.0, 0.9971209764480591, 0.07582718878984451, 0.29572606086730957], [0.0, 0.0, 0.0, 1.0]], "0004": [[-0.636839747428894, 0.2938125431537628, -0.712817907333374, -2.7799899578094482], [-0.7709963321685791, -0.24268795549869537, 0.5887846350669861, 2.296260118484497], [-1.4901162970204496e-08, 0.9245413541793823, 0.3810817003250122, 1.4862186908721924], [0.0, 0.0, 0.0, 1.0]], "0005": [[-0.6376124620437622, -0.6035849452018738, 0.4786810278892517, 1.8668560981750488], [0.7703572511672974, -0.4995776414871216, 0.3961966633796692, 1.545167088508606], [0.0, 0.6213754415512085, 0.7835129499435425, 3.0557007789611816], [0.0, 0.0, 0.0, 1.0]], "0006": [[0.9981266856193542, -0.03675614297389984, 0.048909127712249756, 0.19074559211730957], [0.06118101626634598, 0.5996514558792114, -0.7979191541671753, -3.111884593963623], [0.0, 0.799416720867157, 0.6007769703865051, 2.3430299758911133], [0.0, 0.0, 0.0, 1.0]], "0007": [[0.9960638880729675, 0.018342938274145126, -0.08671977370977402, -0.3382071256637573], [-0.08863849937915802, 0.20612643659114838, -0.974502444267273, -3.8005597591400146], [0.0, 0.9783533811569214, 0.20694096386432648, 0.8070697784423828], [0.0, 0.0, 0.0, 1.0]], "0008": [[-0.9994933605194092, 0.022877320647239685, -0.02212805487215519, -0.08629941940307617], [-0.03182801604270935, -0.7184151411056519, 0.6948860287666321, 2.7100555896759033], [0.0, 0.6952383518218994, 0.7187792658805847, 2.803239345550537], [0.0, 0.0, 0.0, 1.0]], "0009": [[0.4068228006362915, 0.31237050890922546, -0.8584403395652771, -3.3479175567626953], [-0.9135071039199829, 0.13911160826683044, -0.3822992742061615, -1.4909672737121582], [0.0, 0.9397194981575012, 0.34194642305374146, 1.333591103553772], [0.0, 0.0, 0.0, 1.0]], "0010": [[-0.7884324789047241, 0.07637419551610947, -0.610361635684967, -2.3804104328155518], [-0.6151214241981506, -0.09789269417524338, 0.7823315262794495, 3.051093101501465], [-3.725290742551124e-09, 0.992262065410614, 0.12416117638349533, 0.48422861099243164], [0.0, 0.0, 0.0, 1.0]], "0011": [[-0.774343729019165, 0.17030587792396545, -0.6094158887863159, -2.3767218589782715], [-0.6327652335166931, -0.2084110975265503, 0.7457700967788696, 2.908503293991089], [0.0, 0.9630995392799377, 0.2691454589366913, 1.049667239189148], [0.0, 0.0, 0.0, 1.0]], "0012": [[0.773362934589386, 0.22662703692913055, -0.5920726656913757, -2.3090834617614746], [-0.6339637041091919, 0.2764589488506317, -0.7222606539726257, -2.816816806793213], [0.0, 0.9339221119880676, 0.3574764132499695, 1.394158124923706], [0.0, 0.0, 0.0, 1.0]], "0013": [[-0.930281937122345, 0.18359096348285675, -0.3176003098487854, -1.2386412620544434], [-0.3668454885482788, -0.46556755900382996, 0.8054012656211853, 3.1410651206970215], [0.0, 0.8657605051994324, 0.5004585385322571, 1.9517884254455566], [0.0, 0.0, 0.0, 1.0]], "0014": [[-0.5876075029373169, -0.541253387928009, 0.6014667749404907, 2.3457202911376953], [0.8091461658477783, -0.39306190609931946, 0.43678930401802063, 1.703478217124939], [-1.4901161193847656e-08, 0.7433351278305054, 0.6689192056655884, 2.6087846755981445], [0.0, 0.0, 0.0, 1.0]], "0015": [[0.9008572101593018, -0.2781992256641388, 0.33325889706611633, 1.2997097969055176], [0.43411558866500854, 0.5773065686225891, -0.6915639638900757, -2.6970996856689453], [1.4901162970204496e-08, 0.7676733136177063, 0.6408413648605347, 2.499281406402588], [0.0, 0.0, 0.0, 1.0]], "0016": [[-0.9846241474151611, 0.12441243976354599, -0.12262538820505142, -0.4782389998435974], [-0.1746867150068283, -0.7012525200843811, 0.6911797523498535, 2.695600986480713], [0.0, 0.7019731998443604, 0.712203323841095, 2.777592897415161], [0.0, 0.0, 0.0, 1.0]], "0017": [[0.6913841366767883, -0.24645811319351196, 0.6791512370109558, 2.6486897468566895], [0.7224873900413513, 0.23584802448749542, -0.6499136090278625, -2.534662961959839], [1.4901162970204496e-08, 0.9400181174278259, 0.34112444519996643, 1.3303852081298828], [0.0, 0.0, 0.0, 1.0]], "0018": [[0.4331301748752594, 0.00723173888400197, -0.9013023972511292, -3.5150794982910156], [-0.9013314843177795, 0.003475174307823181, -0.4331161677837372, -1.6891531944274902], [-2.3283067140944524e-10, 0.9999678134918213, 0.008023396134376526, 0.03129124641418457], [0.0, 0.0, 0.0, 1.0]], "0019": [[0.5683811902999878, -0.13390357792377472, 0.8117959499359131, 3.1660044193267822], [0.8227654099464417, 0.09250301122665405, -0.5608032941818237, -2.1871330738067627], [0.0, 0.9866676926612854, 0.16274818778038025, 0.6347179412841797], [0.0, 0.0, 0.0, 1.0]], "0020": [[0.5107433199882507, -0.39333727955818176, 0.764478325843811, 2.9814653396606445], [0.8597333431243896, 0.23367057740688324, -0.45415499806404114, -1.7712043523788452], [0.0, 0.8892040848731995, 0.4575108289718628, 1.7842921018600464], [0.0, 0.0, 0.0, 1.0]], "0021": [[-0.734082043170929, -0.244022935628891, 0.6337005496025085, 2.4714322090148926], [0.6790608763694763, -0.26379498839378357, 0.685046374797821, 2.6716809272766113], [0.0, 0.9332014322280884, 0.35935357213020325, 1.4014790058135986], [0.0, 0.0, 0.0, 1.0]], "0022": [[-0.2645416855812073, 0.2725086808204651, -0.9250712394714355, -3.6077775955200195], [-0.964374303817749, -0.07475303113460541, 0.25376030802726746, 0.9896650910377502], [7.450580596923828e-09, 0.9592450261116028, 0.2825756371021271, 1.102044939994812], [0.0, 0.0, 0.0, 1.0]], "0023": [[0.6261172890663147, -0.5326039791107178, 0.5694824457168579, 2.2209813594818115], [0.7797289490699768, 0.42767754197120667, -0.4572907090187073, -1.7834336757659912], [0.0, 0.7303594946861267, 0.6830629706382751, 2.663945436477661], [0.0, 0.0, 0.0, 1.0]], "0024": [[-0.9070833921432495, -0.3103156089782715, 0.28443643450737, 1.109302043914795], [0.42095112800598145, -0.6686812043190002, 0.6129156947135925, 2.390371084213257], [0.0, 0.6756994128227234, 0.7371772527694702, 2.8749911785125732], [0.0, 0.0, 0.0, 1.0]], "0025": [[0.7084180116653442, 0.3040092885494232, -0.6369633078575134, -2.484157085418701], [-0.7057932019233704, 0.3051399290561676, -0.6393321752548218, -2.4933955669403076], [1.4901162970204496e-08, 0.902478814125061, 0.430734246969223, 1.679863691329956], [0.0, 0.0, 0.0, 1.0]], "0026": [[-0.44976601004600525, 0.2743510603904724, -0.8499658703804016, -3.3148670196533203], [-0.8931464552879333, -0.13815626502037048, 0.4280213713645935, 1.669283390045166], [7.450580596923828e-09, 0.9516535401344299, 0.30717360973358154, 1.1979771852493286], [0.0, 0.0, 0.0, 1.0]], "0027": [[0.024473367258906364, -0.3743634819984436, 0.9269589781761169, 3.615140199661255], [0.9997005462646484, 0.009164679795503616, -0.02269260212779045, -0.08850115537643433], [-9.31322685637781e-10, 0.9272367358207703, 0.3744756579399109, 1.4604551792144775], [0.0, 0.0, 0.0, 1.0]], "0028": [[0.60518479347229, -0.4122370481491089, 0.6810374855995178, 2.656046152114868], [0.7960850596427917, 0.3133830726146698, -0.5177254676818848, -2.0191292762756348], [0.0, 0.85548335313797, 0.5178303718566895, 2.019538402557373], [0.0, 0.0, 0.0, 1.0]], "0029": [[-0.1678972989320755, 0.6905473470687866, -0.7035302519798279, -2.743767738342285], [-0.985804557800293, -0.11761057376861572, 0.11982175707817078, 0.4673048257827759], [0.0, 0.7136610150337219, 0.7004913091659546, 2.7319159507751465], [0.0, 0.0, 0.0, 1.0]], "0030": [[-0.2719971537590027, 0.4008611738681793, -0.8748301863670349, -3.4118378162384033], [-0.9622981548309326, -0.11330489814281464, 0.2472740113735199, 0.9643687009811401], [7.450581485102248e-09, 0.9091052412986755, 0.41656652092933655, 1.6246094703674316], [0.0, 0.0, 0.0, 1.0]], "0031": [[0.731386661529541, 0.2587634325027466, -0.6309636235237122, -2.4607582092285156], [-0.6819630861282349, 0.277516633272171, -0.6766911149024963, -2.6390955448150635], [-1.4901161193847656e-08, 0.925216794013977, 0.37943899631500244, 1.4798121452331543], [0.0, 0.0, 0.0, 1.0]], "0032": [[-0.7639891505241394, 0.3070363700389862, -0.5674938559532166, -2.213226079940796], [-0.6452291011810303, -0.3635490834712982, 0.6719460487365723, 2.6205897331237793], [1.4901161193847656e-08, 0.8795230388641357, 0.47585633397102356, 1.8558398485183716], [0.0, 0.0, 0.0, 1.0]], "0033": [[0.9077674746513367, -0.009178205393254757, 0.41937342286109924, 1.6355562210083008], [0.4194738566875458, 0.019862208515405655, -0.9075501561164856, -3.539445400238037], [0.0, 0.9997605085372925, 0.021880285814404488, 0.08533310890197754], [0.0, 0.0, 0.0, 1.0]], "0034": [[-0.888378918170929, -0.06628596782684326, 0.4543007016181946, 1.771772861480713], [0.4591110646724701, -0.1282632201910019, 0.8790708780288696, 3.4283766746520996], [7.450580596923828e-09, 0.9895225167274475, 0.14437894523143768, 0.5630779266357422], [0.0, 0.0, 0.0, 1.0]], "0035": [[0.8526744842529297, -0.3831503987312317, 0.35516491532325745, 1.3851432800292969], [0.5224426984786987, 0.6253365874290466, -0.5796617269515991, -2.260680913925171], [0.0, 0.6798161268234253, 0.7333825826644897, 2.86019229888916], [0.0, 0.0, 0.0, 1.0]], "0036": [[-0.08720576763153076, -0.6276013255119324, 0.7736354470252991, 3.0171780586242676], [0.9961903095245361, -0.05493975803256035, 0.06772347539663315, 0.26412153244018555], [3.725290298461914e-09, 0.7765939235687256, 0.630001425743103, 2.457005500793457], [0.0, 0.0, 0.0, 1.0]], "0037": [[0.9872766733169556, -0.11926499754190445, 0.1051696240901947, 0.410161554813385], [0.15901191532611847, 0.7404950857162476, -0.6529794335365295, -2.5466198921203613], [0.0, 0.6613946557044983, 0.7500380873680115, 2.9251487255096436], [0.0, 0.0, 0.0, 1.0]], "0038": [[0.9958181381225586, -0.04679082706570625, 0.07846641540527344, 0.30601903796195984], [0.09135841578245163, 0.5100257992744446, -0.8552936315536499, -3.3356454372406006], [0.0, 0.8588854670524597, 0.5121676325798035, 1.9974538087844849], [0.0, 0.0, 0.0, 1.0]], "0039": [[0.9749968647956848, 0.04380343481898308, -0.21785868704319, -0.8496488332748413], [-0.22221869230270386, 0.1921900063753128, -0.9558671116828918, -3.72788143157959], [0.0, 0.9803796410560608, 0.1971186250448227, 0.7687625885009766], [0.0, 0.0, 0.0, 1.0]], "0040": [[0.8746306300163269, 0.17012707889080048, -0.4539581835269928, -1.7704370021820068], [-0.4847899079322815, 0.3069336712360382, -0.8190057277679443, -3.194122552871704], [0.0, 0.936401903629303, 0.35092949867248535, 1.3686251640319824], [0.0, 0.0, 0.0, 1.0]], "0041": [[-0.14060914516448975, -0.7433182001113892, 0.6539931893348694, 2.5505735874176025], [0.9900652170181274, -0.1055661141872406, 0.09288016706705093, 0.36223268508911133], [0.0, 0.6605556607246399, 0.750777006149292, 2.928030490875244], [0.0, 0.0, 0.0, 1.0]], "0042": [[-0.23424001038074493, -0.012507086619734764, -0.9720984101295471, -3.7911834716796875], [-0.9721787571907043, 0.00301349931396544, 0.23422065377235413, 0.9134604930877686], [-2.328305881427184e-10, 0.9999173283576965, -0.012865005992352962, -0.05017352104187012], [0.0, 0.0, 0.0, 1.0]], "0043": [[-0.4924517571926117, 0.17331890761852264, -0.8529078364372253, -3.326340675354004], [-0.8703397512435913, -0.0980665385723114, 0.482588529586792, 1.8820953369140625], [-7.450580596923828e-09, 0.9799712300300598, 0.19913935661315918, 0.7766435146331787], [0.0, 0.0, 0.0, 1.0]], "0044": [[-0.7851620316505432, -0.31331533193588257, 0.5341854691505432, 2.0833234786987305], [0.6192904114723206, -0.39723411202430725, 0.6772623658180237, 2.6413233280181885], [1.4901162970204496e-08, 0.8625766634941101, 0.5059263110160828, 1.9731128215789795], [0.0, 0.0, 0.0, 1.0]], "0045": [[0.5160611271858215, -0.2868131697177887, 0.8071053624153137, 3.1477110385894775], [0.8565518260002136, 0.1728011667728424, -0.48627033829689026, -1.8964544534683228], [0.0, 0.9422728419303894, 0.33484625816345215, 1.3059004545211792], [0.0, 0.0, 0.0, 1.0]], "0046": [[0.328146755695343, -0.4418489933013916, 0.8349185585975647, 3.2561826705932617], [0.9446268081665039, 0.1534905880689621, -0.29003605246543884, -1.1311407089233398], [-1.4901162970204496e-08, 0.8838608860969543, 0.46774983406066895, 1.8242244720458984], [0.0, 0.0, 0.0, 1.0]], "0047": [[-0.616684079170227, 0.38473770022392273, -0.6867879629135132, -2.6784732341766357], [-0.7872108221054077, -0.3013952672481537, 0.5380149483680725, 2.0982584953308105], [0.0, 0.8724321722984314, 0.4887353479862213, 1.906067967414856], [0.0, 0.0, 0.0, 1.0]], "0048": [[0.9518119096755981, -0.0002768952108453959, -0.3066822588443756, -1.1960608959197998], [-0.30668237805366516, -0.0008593651582486928, -0.9518114924430847, -3.7120649814605713], [0.0, 0.9999996423721313, -0.0009028727654367685, -0.0035212039947509766], [0.0, 0.0, 0.0, 1.0]], "0049": [[-0.686290442943573, -0.03773896023631096, -0.726347804069519, -2.832756519317627], [-0.7273275852203369, 0.0356096588075161, 0.6853659749031067, 2.6729273796081543], [-1.862645149230957e-09, 0.9986529350280762, -0.0518871545791626, -0.20235991477966309], [0.0, 0.0, 0.0, 1.0]], "0050": [[-0.23891589045524597, 0.12396147102117538, -0.9630954265594482, -3.7560720443725586], [-0.9710403084754944, -0.03049962781369686, 0.23696112632751465, 0.9241483211517334], [-1.862645149230957e-09, 0.9918181896209717, 0.1276584267616272, 0.4978678226470947], [0.0, 0.0, 0.0, 1.0]], "0051": [[-0.3246055543422699, 0.7106024026870728, -0.6242398619651794, -2.434535264968872], [-0.9458495378494263, -0.24387121200561523, 0.21423250436782837, 0.8355067372322083], [0.0, 0.6599780321121216, 0.7512848973274231, 2.930011034011841], [0.0, 0.0, 0.0, 1.0]], "0052": [[-0.13354119658470154, -0.053098149597644806, -0.989619791507721, -3.8595168590545654], [-0.9910433292388916, 0.007154874503612518, 0.13334937393665314, 0.5200625061988831], [4.656613428188905e-10, 0.9985636472702026, -0.05357803776860237, -0.2089543342590332], [0.0, 0.0, 0.0, 1.0]], "0053": [[0.9968690276145935, -0.025194844231009483, 0.07494974881410599, 0.29230403900146484], [0.07907114923000336, 0.31763747334480286, -0.9449095726013184, -3.685147523880005], [0.0, 0.9478774666786194, 0.31863507628440857, 1.242676854133606], [0.0, 0.0, 0.0, 1.0]], "0054": [[-0.9088050127029419, -0.32841598987579346, 0.25732576847076416, 1.003570556640625], [0.417221337556839, -0.7153663635253906, 0.5605153441429138, 2.1860098838806152], [0.0, 0.6167608499526978, 0.787150502204895, 3.069887161254883], [0.0, 0.0, 0.0, 1.0]], "0055": [[0.701556921005249, 0.10554325580596924, -0.7047542929649353, -2.7485415935516357], [-0.7126135230064392, 0.10390569269657135, -0.6938196420669556, -2.7058963775634766], [0.0, 0.9889712929725647, 0.14810730516910553, 0.5776184797286987], [0.0, 0.0, 0.0, 1.0]], "0056": [[-0.5719998478889465, -0.02554387040436268, -0.8198558688163757, -3.1974380016326904], [-0.8202537894248962, 0.01781289093196392, 0.5717223882675171, 2.229717493057251], [9.31322685637781e-10, 0.9995149374008179, -0.031141426414251328, -0.12145157158374786], [0.0, 0.0, 0.0, 1.0]], "0057": [[-0.08812353760004044, 0.29913172125816345, -0.9501339197158813, -3.7055225372314453], [-0.9961095452308655, -0.026463497430086136, 0.08405617624521255, 0.3278191089630127], [1.862645149230957e-09, 0.9538447856903076, 0.3003000020980835, 1.1711701154708862], [0.0, 0.0, 0.0, 1.0]], "0058": [[0.9985522031784058, -0.04196630045771599, 0.033650707453489304, 0.13123774528503418], [0.05379164218902588, 0.779034435749054, -0.6246693134307861, -2.4362101554870605], [0.0, 0.625575065612793, 0.7801640629768372, 3.04263973236084], [0.0, 0.0, 0.0, 1.0]], "0059": [[-0.9985191226005554, 0.04116744548082352, -0.035565875470638275, -0.13870692253112793], [-0.05440303683280945, -0.7555916905403137, 0.6527798771858215, 2.545841693878174], [0.0, 0.6537479758262634, 0.7567122578620911, 2.9511780738830566], [0.0, 0.0, 0.0, 1.0]], "0060": [[-0.6883500814437866, -0.5346704125404358, 0.49020588397979736, 1.911802887916565], [0.725378692150116, -0.5073769092559814, 0.46518218517303467, 1.8142104148864746], [-1.4901162970204496e-08, 0.6757929921150208, 0.7370914220809937, 2.8746564388275146], [0.0, 0.0, 0.0, 1.0]], "0061": [[0.5588415265083313, -0.1378604769706726, 0.8177350759506226, 3.189167022705078], [0.829274594783783, 0.09290307760238647, -0.5510651469230652, -2.1491541862487793], [0.0, 0.9860849380493164, 0.16624227166175842, 0.648344874382019], [0.0, 0.0, 0.0, 1.0]], "0062": [[-0.09297090768814087, -0.1832939088344574, 0.9786519408226013, 3.8167428970336914], [0.9956688284873962, -0.01711512915790081, 0.09138195216655731, 0.3563896417617798], [0.0, 0.9829091429710388, 0.1840912401676178, 0.7179558873176575], [0.0, 0.0, 0.0, 1.0]], "0063": [[0.5931183099746704, -0.2132055014371872, 0.7763723134994507, 3.0278522968292236], [0.805115282535553, 0.15706580877304077, -0.5719437599182129, -2.2305808067321777], [1.4901161193847656e-08, 0.9642996788024902, 0.2648136019706726, 1.0327731370925903], [0.0, 0.0, 0.0, 1.0]], "0064": [[0.5558750629425049, -0.031499993056058884, 0.8306688070297241, 3.2396085262298584], [0.831265926361084, 0.021064328029751778, -0.5554757118225098, -2.1663553714752197], [1.862645371275562e-09, 0.9992817640304565, 0.037894003093242645, 0.14778661727905273], [0.0, 0.0, 0.0, 1.0]], "0065": [[-0.7352648377418518, 0.12256807833909988, -0.6666053533554077, -2.5997610092163086], [-0.6777799725532532, -0.13296350836753845, 0.7231424450874329, 2.820255756378174], [-7.450581485102248e-09, 0.9835129380226135, 0.18083757162094116, 0.7052665948867798], [0.0, 0.0, 0.0, 1.0]], "0066": [[-0.8816952705383301, -0.1101640909910202, 0.45877817273139954, 1.78923499584198], [0.4718194305896759, -0.20586510002613068, 0.8573248982429504, 3.343567371368408], [-7.450581485102248e-09, 0.9723597168922424, 0.2334878295660019, 0.9106025695800781], [0.0, 0.0, 0.0, 1.0]], "0067": [[-0.9991626739501953, 0.03226486220955849, -0.025161778554320335, -0.09813094139099121], [-0.040916215628385544, -0.7878990173339844, 0.6144436597824097, 2.3963303565979004], [0.0, 0.614958643913269, 0.7885593175888062, 3.0753815174102783], [0.0, 0.0, 0.0, 1.0]], "0068": [[-0.9041956067085266, 0.12094290554523468, -0.4096377491950989, -1.5975871086120605], [-0.42711859941482544, -0.2560320496559143, 0.8671892881393433, 3.382038116455078], [0.0, 0.9590727090835571, 0.283160001039505, 1.1043239831924438], [0.0, 0.0, 0.0, 1.0]], "0069": [[-0.48365020751953125, -0.4545568823814392, 0.7479709386825562, 2.917086601257324], [0.8752613663673401, -0.25117814540863037, 0.41331231594085693, 1.6119179725646973], [0.0, 0.8545686602592468, 0.5193384289741516, 2.0254197120666504], [0.0, 0.0, 0.0, 1.0]], "0070": [[-0.48195680975914, 0.036779891699552536, -0.8754227161407471, -3.4141488075256348], [-0.8761950731277466, -0.020231015980243683, 0.48153194785118103, 1.8779747486114502], [1.862645149230957e-09, 0.9991186857223511, 0.04197682812809944, 0.1637096405029297], [0.0, 0.0, 0.0, 1.0]], "0071": [[-0.43618640303611755, -0.31104421615600586, 0.8443890810012817, 3.2931172847747803], [0.8998563289642334, -0.15077213943004608, 0.4092998206615448, 1.5962692499160767], [1.4901161193847656e-08, 0.9383598566055298, 0.34565988183021545, 1.3480734825134277], [0.0, 0.0, 0.0, 1.0]], "0072": [[-0.6161856055259705, -0.5230347514152527, 0.5888548493385315, 2.2965338230133057], [0.787601113319397, -0.40920010209083557, 0.46069496870040894, 1.7967102527618408], [-1.4901162970204496e-08, 0.7476562261581421, 0.6640859246253967, 2.589935064315796], [0.0, 0.0, 0.0, 1.0]], "0073": [[-0.42592155933380127, 0.0554221011698246, 0.9030609726905823, 3.5219380855560303], [0.9047601222991943, 0.026090307161211967, 0.4251216948032379, 1.6579747200012207], [-1.862645149230957e-09, 0.9981221556663513, -0.06125611811876297, -0.2388988733291626], [0.0, 0.0, 0.0, 1.0]], "0074": [[0.8542075753211975, 0.3511805236339569, -0.3834080398082733, -1.4952914714813232], [-0.519932210445404, 0.5769618153572083, -0.629909098148346, -2.4566457271575928], [0.0, 0.7374193072319031, 0.6754351854324341, 2.634197473526001], [0.0, 0.0, 0.0, 1.0]], "0075": [[0.9475020170211792, -0.029717348515987396, 0.31836602091789246, 1.2416274547576904], [0.31974998116493225, 0.08806020021438599, -0.9434009790420532, -3.6792635917663574], [0.0, 0.995671808719635, 0.09293932467699051, 0.3624633550643921], [0.0, 0.0, 0.0, 1.0]], "0076": [[0.9620016813278198, -0.17754749953746796, 0.20743612945079803, 0.8090009689331055], [0.2730437219142914, 0.6255444288253784, -0.7308496236801147, -2.850313663482666], [0.0, 0.7597176432609558, 0.6502529978752136, 2.53598690032959], [0.0, 0.0, 0.0, 1.0]], "0077": [[-0.017285484820604324, 0.7174904942512512, -0.6963538527488708, -2.7157797813415527], [-0.9998506903648376, -0.012404022738337517, 0.012038610875606537, 0.046950578689575195], [-9.313225746154785e-10, 0.6964578628540039, 0.7175977230072021, 2.798630952835083], [0.0, 0.0, 0.0, 1.0]], "0078": [[0.9092896580696106, -0.1671353280544281, 0.38112759590148926, 1.4863977432250977], [0.4161640405654907, 0.3651791512966156, -0.8327374458312988, -3.247676134109497], [-1.4901162970204496e-08, 0.9158111214637756, 0.40160924196243286, 1.5662761926651], [0.0, 0.0, 0.0, 1.0]], "0079": [[-0.29728031158447266, -0.18514668941497803, 0.9366670846939087, 3.653001308441162], [0.9547902345657349, -0.057646654546260834, 0.2916375398635864, 1.1373863220214844], [0.0, 0.9810186624526978, 0.19391348958015442, 0.7562625408172607], [0.0, 0.0, 0.0, 1.0]], "0080": [[0.3137006163597107, 0.2200992852449417, -0.9236602783203125, -3.6022748947143555], [-0.9495220184326172, 0.07271581888198853, -0.3051564693450928, -1.190110206604004], [-7.450580596923828e-09, 0.9727634787559509, 0.23180007934570312, 0.9040202498435974], [0.0, 0.0, 0.0, 1.0]], "0081": [[-0.47068262100219727, 0.6858983635902405, -0.5549787282943726, -2.164417266845703], [-0.8823026418685913, -0.365906685590744, 0.2960648834705353, 1.1546530723571777], [-1.4901161193847656e-08, 0.6290118098258972, 0.7773957848548889, 3.031843662261963], [0.0, 0.0, 0.0, 1.0]], "0082": [[-0.9246742725372314, -0.2945946156978607, 0.24122922122478485, 0.9407939910888672], [0.38075917959213257, -0.7154235243797302, 0.5858255624771118, 2.284719944000244], [0.0, 0.6335480213165283, 0.7737032771110535, 3.0174429416656494], [0.0, 0.0, 0.0, 1.0]], "0083": [[0.5858590602874756, 0.027433641254901886, 0.8099485635757446, 3.158799171447754], [0.8104130029678345, -0.019832169637084007, -0.5855233073234558, -2.283540725708008], [0.0, 0.9994268417358398, -0.03385143727064133, -0.13202059268951416], [0.0, 0.0, 0.0, 1.0]], "0084": [[-0.9447442889213562, -0.15937447547912598, 0.2864576578140259, 1.1171848773956299], [0.3278082311153412, -0.45931771397590637, 0.8255718350410461, 3.2197303771972656], [0.0, 0.8738574981689453, 0.4861820638179779, 1.8961101770401], [0.0, 0.0, 0.0, 1.0]], "0085": [[-0.9272804260253906, -0.07807103544473648, 0.36613667011260986, 1.4279330968856812], [0.37436768412590027, -0.1933760643005371, 0.9068927764892578, 3.536881923675537], [1.4901162970204496e-08, 0.9780136346817017, 0.20854106545448303, 0.8133102059364319], [0.0, 0.0, 0.0, 1.0]], "0086": [[-0.9891681671142578, 0.07684576511383057, -0.1250646561384201, -0.48775219917297363], [-0.14678706228733063, -0.5178479552268982, 0.8427852392196655, 3.28686261177063], [0.0, 0.8520141839981079, 0.5235186219215393, 2.0417227745056152], [0.0, 0.0, 0.0, 1.0]], "0087": [[-0.09816962480545044, -0.08606002479791641, 0.9914416074752808, 3.8666224479675293], [0.9951697587966919, -0.008489487692713737, 0.09780186414718628, 0.3814272880554199], [9.313225746154785e-10, 0.9962537884712219, 0.08647773414850235, 0.33726319670677185], [0.0, 0.0, 0.0, 1.0]], "0088": [[0.2504214644432068, -0.28371328115463257, 0.925632655620575, 3.6099674701690674], [0.9681370258331299, 0.07338619232177734, -0.2394271343946457, -0.9337658882141113], [0.0, 0.956096887588501, 0.29305076599121094, 1.1428980827331543], [0.0, 0.0, 0.0, 1.0]], "0089": [[0.5088211297988892, -0.29497644305229187, 0.8087583184242249, 3.1541571617126465], [0.8608723282814026, 0.1743467003107071, -0.47801899909973145, -1.864274024963379], [0.0, 0.93946373462677, 0.34264832735061646, 1.336328387260437], [0.0, 0.0, 0.0, 1.0]], "0090": [[-0.8022467494010925, 0.47267839312553406, -0.3646577298641205, -1.422165036201477], [-0.596992552280426, -0.6351916790008545, 0.49003204703330994, 1.9111248254776], [0.0, 0.610824465751648, 0.7917659878730774, 3.0878872871398926], [0.0, 0.0, 0.0, 1.0]], "0091": [[-0.9488641023635864, 0.2315622866153717, -0.214559867978096, -0.8367834091186523], [-0.3156850337982178, -0.696013867855072, 0.644909143447876, 2.5151455402374268], [-1.4901161193847656e-08, 0.6796644330024719, 0.7335232496261597, 2.8607404232025146], [0.0, 0.0, 0.0, 1.0]], "0092": [[0.019803568720817566, 0.2922944128513336, -0.9561233520507812, -3.7288808822631836], [-0.999803900718689, 0.005789608228951693, -0.018938368186354637, -0.07385963201522827], [4.6566123179658803e-10, 0.9563109278678894, 0.29235172271728516, 1.1401716470718384], [0.0, 0.0, 0.0, 1.0]], "0093": [[0.09134620428085327, -0.11860281229019165, 0.9887310862541199, 3.856051445007324], [0.9958192110061646, 0.010879402048885822, -0.09069601446390152, -0.3537144660949707], [0.0, 0.9928821921348572, 0.11910074204206467, 0.46449291706085205], [0.0, 0.0, 0.0, 1.0]], "0094": [[0.31242236495018005, 0.2771385610103607, -0.9086179137229919, -3.543609619140625], [-0.9499433040618896, 0.0911467969417572, -0.298831045627594, -1.1654410362243652], [7.4505797087454084e-09, 0.956497073173523, 0.291742205619812, 1.1377944946289062], [0.0, 0.0, 0.0, 1.0]], "0095": [[-0.771578848361969, -0.001200738362967968, 0.636132538318634, 2.480916976928711], [0.6361336708068848, -0.0014563988661393523, 0.7715774774551392, 3.009152412414551], [0.0, 0.9999982118606567, 0.001887556747533381, 0.007361471652984619], [0.0, 0.0, 0.0, 1.0]], "0096": [[-0.9512023329734802, 0.00757719436660409, -0.3084751069545746, -1.2030528783798218], [-0.30856814980506897, -0.023357706144452095, 0.9509154558181763, 3.7085700035095215], [4.656612873077393e-10, 0.9996985197067261, 0.024555984884500504, 0.09576833248138428], [0.0, 0.0, 0.0, 1.0]], "0097": [[-0.9432969689369202, 0.04827446863055229, -0.32842108607292175, -1.2808423042297363], [-0.3319500684738159, -0.13718076050281525, 0.9332687258720398, 3.6397483348846436], [0.0, 0.9893690347671509, 0.1454268842935562, 0.5671648979187012], [0.0, 0.0, 0.0, 1.0]], "0098": [[0.8005936145782471, -0.1673366129398346, 0.5753680467605591, 2.2439355850219727], [0.5992078185081482, 0.22357623279094696, -0.7687416076660156, -2.9980924129486084], [-1.4901162970204496e-08, 0.9602146148681641, 0.27926307916641235, 1.0891261100769043], [0.0, 0.0, 0.0, 1.0]], "0099": [[-0.381220281124115, 0.05074777081608772, -0.9230902791023254, -3.6000523567199707], [-0.9244843125343323, -0.020926348865032196, 0.3806454539299011, 1.4845173358917236], [-1.862645371275562e-09, 0.9984922409057617, 0.05489306151866913, 0.21408295631408691], [0.0, 0.0, 0.0, 1.0]]}