{"K": [[1111.111111111111, 0, 400.0], [0.0, 1111.111111111111, 400.0], [0.0, 0.0, 1.0]], "0000": [[-0.8590429425239563, 0.19020037353038788, -0.4752567708492279, -1.3782446384429932], [-0.5119035243988037, -0.3191818296909332, 0.7975448369979858, 2.312880039215088], [0.0, 0.9284108877182007, 0.3715551495552063, 1.077509880065918], [0.0, 0.0, 0.0, 1.0]], "0001": [[-0.7019095420837402, -0.574759840965271, 0.42068302631378174, 1.2199807167053223], [0.7122661471366882, -0.5664026141166687, 0.41456612944602966, 1.2022417783737183], [0.0, 0.5906261801719666, 0.806945264339447, 2.3401412963867188], [0.0, 0.0, 0.0, 1.0]], "0002": [[0.6839272975921631, -0.376773864030838, 0.6247279047966003, 1.8117108345031738], [0.7295501828193665, 0.3532120883464813, -0.5856601595878601, -1.6984144449234009], [0.0, 0.8563193082809448, 0.5164467692375183, 1.4976956844329834], [0.0, 0.0, 0.0, 1.0]], "0003": [[0.5063422918319702, -0.7423809766769409, 0.43873441219329834, 1.2723298072814941], [0.8623325824737549, 0.4359094202518463, -0.25761497020721436, -0.7470834255218506], [-1.4901161193847656e-08, 0.5087763667106628, 0.8608987331390381, 2.4966063499450684], [0.0, 0.0, 0.0, 1.0]], "0004": [[-0.9987709522247314, -0.043267183005809784, 0.024179261177778244, 0.07011985778808594], [0.049564965069293976, -0.8718659281730652, 0.487230122089386, 1.412967324256897], [-1.862645149230957e-09, 0.48782968521118164, 0.8729388117790222, 2.531522512435913], [0.0, 0.0, 0.0, 1.0]], "0005": [[0.7614410519599915, 0.4528123736381531, -0.4638626277446747, -1.3452017307281494], [-0.6482341885566711, 0.5318909287452698, -0.5448709726333618, -1.5801259279251099], [0.0, 0.7155786752700806, 0.6985320448875427, 2.025743007659912], [0.0, 0.0, 0.0, 1.0]], "0006": [[-0.5195841789245605, -0.3879013657569885, 0.7612915635108948, 2.2077455520629883], [0.8544192910194397, -0.23588818311691284, 0.4629519283771515, 1.3425605297088623], [0.0, 0.8910046815872192, 0.45399415493011475, 1.3165830373764038], [0.0, 0.0, 0.0, 1.0]], "0007": [[0.3720342516899109, -0.8385223150253296, 0.39808404445648193, 1.1544437408447266], [0.9282190203666687, 0.33608341217041016, -0.15955382585525513, -0.4627060890197754], [0.0, 0.4288686513900757, 0.9033668637275696, 2.6197638511657715], [0.0, 0.0, 0.0, 1.0]], "0008": [[-0.22991681098937988, 0.7536485195159912, -0.6157533526420593, -1.7856848239898682], [-0.973210334777832, -0.17804625630378723, 0.14546911418437958, 0.4218604564666748], [0.0, 0.6327032446861267, 0.7743942737579346, 2.2457435131073], [0.0, 0.0, 0.0, 1.0]], "0009": [[0.9222460985183716, 0.3005516529083252, -0.24316847324371338, -0.7051885724067688], [-0.3866034150123596, 0.716968834400177, -0.5800806879997253, -1.6822340488433838], [0.0, 0.6289868354797363, 0.777415931224823, 2.2545061111450195], [0.0, 0.0, 0.0, 1.0]], "0010": [[0.9976897239685059, -0.03465089201927185, 0.05843347683548927, 0.1694570779800415], [0.06793493032455444, 0.5088816285133362, -0.8581517338752747, -2.488640069961548], [0.0, 0.8601388931274414, 0.5100599527359009, 1.4791737794876099], [0.0, 0.0, 0.0, 1.0]], "0011": [[-0.0352146290242672, 0.4306476414203644, -0.9018328189849854, -2.6153151988983154], [-0.9993798732757568, -0.015174508094787598, 0.03177741542458534, 0.09215450286865234], [-9.31322685637781e-10, 0.902392566204071, 0.43091487884521484, 1.2496531009674072], [0.0, 0.0, 0.0, 1.0]], "0012": [[-0.9917464256286621, 0.1035672202706337, -0.07558337599039078, -0.2191917896270752], [-0.12821471691131592, -0.8010969161987305, 0.5846406817436218, 1.695457935333252], [0.0, 0.5895061492919922, 0.8077638149261475, 2.342514991760254], [0.0, 0.0, 0.0, 1.0]], "0013": [[0.988467276096344, -0.1055116057395935, 0.10862728953361511, 0.3150191307067871], [0.15143509209156036, 0.6887093782424927, -0.709046483039856, -2.056234836578369], [0.0, 0.7173191905021667, 0.6967447400093079, 2.020559787750244], [0.0, 0.0, 0.0, 1.0]], "0014": [[-0.13935250043869019, -0.8793038725852966, 0.45541805028915405, 1.3207123279571533], [0.9902428388595581, -0.1237405464053154, 0.06408897042274475, 0.18585801124572754], [-3.725290298461914e-09, 0.45990538597106934, 0.8879678845405579, 2.5751068592071533], [0.0, 0.0, 0.0, 1.0]], "0015": [[-0.6339333653450012, -0.2104346752166748, 0.7442081570625305, 2.158203601837158], [0.7733876705169678, -0.17248988151550293, 0.610015332698822, 1.7690443992614746], [0.0, 0.9622704982757568, 0.2720946669578552, 0.7890745401382446], [0.0, 0.0, 0.0, 1.0]], "0016": [[-0.9068388342857361, -0.23081380128860474, 0.3526589572429657, 1.022710919380188], [0.4214775562286377, -0.49661222100257874, 0.7587707042694092, 2.200434923171997], [0.0, 0.8367205858230591, 0.5476300716400146, 1.5881272554397583], [0.0, 0.0, 0.0, 1.0]], "0017": [[-0.11836975067853928, -0.612794816493988, 0.7813265323638916, 2.2658469676971436], [0.9929696321487427, -0.07304994016885757, 0.09314023703336716, 0.2701066732406616], [3.725290298461914e-09, 0.7868584990501404, 0.6171334981918335, 1.789687156677246], [0.0, 0.0, 0.0, 1.0]], "0018": [[-0.6323952078819275, -0.1388758271932602, 0.7620956897735596, 2.2100775241851807], [0.774645984172821, -0.11337359994649887, 0.6221495270729065, 1.8042336702346802], [0.0, 0.9837986826896667, 0.1792765110731125, 0.5199018716812134], [0.0, 0.0, 0.0, 1.0]], "0019": [[0.9285584688186646, -0.3379567265510559, 0.1535072773694992, 0.4451711177825928], [0.3711862564086914, 0.8454316258430481, -0.3840133845806122, -1.1136387586593628], [0.0, 0.4135585427284241, 0.9104775190353394, 2.6403846740722656], [0.0, 0.0, 0.0, 1.0]], "0020": [[-0.07796946167945862, 0.307924747467041, -0.9482104182243347, -2.7498106956481934], [-0.9969557523727417, -0.024082038551568985, 0.07415720820426941, 0.2150559425354004], [0.0, 0.9511059522628784, 0.3088649809360504, 0.8957086205482483], [0.0, 0.0, 0.0, 1.0]], "0021": [[0.23259839415550232, 0.839592456817627, -0.4908997416496277, -1.4236092567443848], [-0.9725728631019592, 0.20079508423805237, -0.11740250140428543, -0.340467244386673], [0.0, 0.5047433376312256, 0.8632694482803345, 2.503481388092041], [0.0, 0.0, 0.0, 1.0]], "0022": [[0.039611972868442535, 0.48597779870033264, -0.8730729818344116, -2.531911611557007], [-0.9992152452468872, 0.019265659153461456, -0.034611307084560394, -0.1003727912902832], [0.0, 0.8737587332725525, 0.486359566450119, 1.4104427099227905], [0.0, 0.0, 0.0, 1.0]], "0023": [[0.4479154944419861, 0.5494217276573181, -0.7053421139717102, -2.045492172241211], [-0.8940759897232056, 0.275250107049942, -0.3533633351325989, -1.0247536897659302], [-1.4901162970204496e-08, 0.7889062166213989, 0.6145135164260864, 1.782089114189148], [0.0, 0.0, 0.0, 1.0]], "0024": [[0.8044639825820923, -0.04919073358178139, 0.591961145401001, 1.7166874408721924], [0.5940014719963074, 0.06661964952945709, -0.8017006516456604, -2.324932098388672], [0.0, 0.9965651035308838, 0.08281246572732925, 0.2401561737060547], [0.0, 0.0, 0.0, 1.0]], "0025": [[-0.7157272100448608, -0.5179116725921631, 0.4685105085372925, 1.3586804866790771], [0.6983799934387207, -0.5307762026786804, 0.48014792799949646, 1.392428994178772], [1.4901161193847656e-08, 0.6708532571792603, 0.741590142250061, 2.150611400604248], [0.0, 0.0, 0.0, 1.0]], "0026": [[0.9678232073783875, 0.04481561481952667, -0.24760815501213074, -0.7180636525154114], [-0.25163114070892334, 0.17236971855163574, -0.9523499608039856, -2.761814832687378], [0.0, 0.9840124249458313, 0.17810040712356567, 0.516491174697876], [0.0, 0.0, 0.0, 1.0]], "0027": [[-0.9871631264686584, 0.028100308030843735, -0.1572238653898239, -0.45594918727874756], [-0.15971526503562927, -0.17368149757385254, 0.971764326095581, 2.8181164264678955], [0.0, 0.9844009280204773, 0.17594000697135925, 0.5102260112762451], [0.0, 0.0, 0.0, 1.0]], "0028": [[0.31896036863327026, -0.32985883951187134, 0.8885142207145691, 2.576691150665283], [0.9477680921554565, 0.11101017892360687, -0.2990191876888275, -0.8671556115150452], [0.0, 0.9374805688858032, 0.3480375409126282, 1.0093088150024414], [0.0, 0.0, 0.0, 1.0]], "0029": [[0.7937836647033691, -0.23074643313884735, 0.5627288222312927, 1.6319135427474976], [0.6082003116607666, 0.3011552691459656, -0.734437108039856, -2.1298675537109375], [0.0, 0.9252358675003052, 0.37939217686653137, 1.100237250328064], [0.0, 0.0, 0.0, 1.0]], "0030": [[-0.2528902590274811, -0.5018919706344604, 0.8271341919898987, 2.398689031600952], [0.9674949645996094, -0.13118787109851837, 0.21620184183120728, 0.6269853115081787], [7.4505797087454084e-09, 0.8549236059188843, 0.5187540650367737, 1.5043867826461792], [0.0, 0.0, 0.0, 1.0]], "0031": [[-0.9067414999008179, -0.3373194932937622, 0.2530524432659149, 0.7338521480560303], [0.42168712615966797, -0.725328266620636, 0.5441312789916992, 1.5779807567596436], [1.4901162970204496e-08, 0.600095272064209, 0.7999284863471985, 2.3197927474975586], [0.0, 0.0, 0.0, 1.0]], "0032": [[0.2062230110168457, 0.8684669733047485, -0.45081827044487, -1.3073729276657104], [-0.97850501537323, 0.18303214013576508, -0.09501136839389801, -0.27553296089172363], [0.0, 0.46072155237197876, 0.8875448107719421, 2.5738799571990967], [0.0, 0.0, 0.0, 1.0]], "0033": [[0.30993685126304626, -0.5915980935096741, 0.7442787885665894, 2.1584084033966064], [0.9507572650909424, 0.19285474717617035, -0.24262703955173492, -0.7036184072494507], [0.0, 0.7828274369239807, 0.6222388744354248, 1.804492712020874], [0.0, 0.0, 0.0, 1.0]], "0034": [[-0.3957589566707611, -0.2645045518875122, 0.879438579082489, 2.5503718852996826], [0.9183545112609863, -0.113986536860466, 0.3789883852005005, 1.0990662574768066], [7.450581485102248e-09, 0.9576242566108704, 0.28802013397216797, 0.8352583646774292], [0.0, 0.0, 0.0, 1.0]], "0035": [[0.9738187193870544, -0.2042693942785263, 0.09975533187389374, 0.28929048776626587], [0.22732600569725037, 0.8750488758087158, -0.42733168601989746, -1.2392619848251343], [-7.450581485102248e-09, 0.438820481300354, 0.8985746502876282, 2.6058666706085205], [0.0, 0.0, 0.0, 1.0]], "0036": [[0.7932681441307068, -0.14341522753238678, 0.5917413830757141, 1.716050148010254], [0.6088725924491882, 0.18684816360473633, -0.7709487080574036, -2.2357513904571533], [-7.450581485102248e-09, 0.9718641042709351, 0.23554225265979767, 0.683072566986084], [0.0, 0.0, 0.0, 1.0]], "0037": [[0.5436899065971375, -0.2937374413013458, 0.7862058281898499, 2.279996871948242], [0.8392862677574158, 0.19028320908546448, -0.509304404258728, -1.4769827127456665], [0.0, 0.936755359172821, 0.3499848246574402, 1.014955997467041], [0.0, 0.0, 0.0, 1.0]], "0038": [[-0.9967876672744751, -0.015449794009327888, 0.07858498394489288, 0.22789645195007324], [0.08008930087089539, -0.192287415266037, 0.9780650734901428, 2.83638858795166], [-9.313224635931761e-10, 0.9812171459197998, 0.19290708005428314, 0.5594305396080017], [0.0, 0.0, 0.0, 1.0]], "0039": [[-0.9728733897209167, 0.15369118750095367, -0.17290616035461426, -0.5014278888702393], [-0.23133857548236847, -0.6463343501091003, 0.7271412014961243, 2.1087095737457275], [0.0, 0.7474161386489868, 0.6643561720848083, 1.9266330003738403], [0.0, 0.0, 0.0, 1.0]], "0040": [[-0.07033557444810867, 0.13157528638839722, -0.9888077974319458, -2.8675425052642822], [-0.9975234866142273, -0.009277400560677052, 0.0697210356593132, 0.20219099521636963], [-9.31322685637781e-10, 0.9912627339363098, 0.13190196454524994, 0.38251566886901855], [0.0, 0.0, 0.0, 1.0]], "0041": [[-0.3312511146068573, -0.506240963935852, 0.7962366938591003, 2.309086322784424], [0.9435427188873291, -0.1777268648147583, 0.2795361578464508, 0.810654878616333], [0.0, 0.8438799381256104, 0.5365321040153503, 1.5559430122375488], [0.0, 0.0, 0.0, 1.0]], "0042": [[-0.6105315089225769, 0.2772120237350464, -0.7418926358222961, -2.1514885425567627], [-0.7919920086860657, -0.21369744837284088, 0.5719109177589417, 1.6585416793823242], [1.4901162970204496e-08, 0.9367426633834839, 0.350018709897995, 1.0150542259216309], [0.0, 0.0, 0.0, 1.0]], "0043": [[-0.8196167349815369, -0.2966855466365814, 0.49010828137397766, 1.421314001083374], [0.5729122757911682, -0.42444273829460144, 0.7011561393737793, 2.033352851867676], [1.4901161193847656e-08, 0.8554683327674866, 0.517855167388916, 1.5017799139022827], [0.0, 0.0, 0.0, 1.0]], "0044": [[-0.9408748745918274, -0.08748265355825424, 0.327263206243515, 0.9490633010864258], [0.33875423669815063, -0.24297919869422913, 0.9089590907096863, 2.635981321334839], [0.0, 0.966078519821167, 0.25824815034866333, 0.748919665813446], [0.0, 0.0, 0.0, 1.0]], "0045": [[0.4154246747493744, 0.18991729617118835, -0.8895806670188904, -2.5797839164733887], [-0.9096276760101318, 0.08673474937677383, -0.40626925230026245, -1.1781808137893677], [0.0, 0.9779613614082336, 0.2087857872247696, 0.6054787635803223], [0.0, 0.0, 0.0, 1.0]], "0046": [[0.9422727227210999, -0.10036136209964752, 0.3194524645805359, 0.9264121651649475], [0.3348466753959656, 0.2824211120605469, -0.8989527225494385, -2.6069629192352295], [-7.450581485102248e-09, 0.9540261626243591, 0.299723356962204, 0.8691977262496948], [0.0, 0.0, 0.0, 1.0]], "0047": [[0.9535332322120667, 0.2613975405693054, -0.1498187780380249, -0.43447446823120117], [-0.30128777027130127, 0.8272863030433655, -0.4741552770137787, -1.3750503063201904], [0.0, 0.4972613751888275, 0.8676007986068726, 2.5160422325134277], [0.0, 0.0, 0.0, 1.0]], "0048": [[-0.6406508088111877, 0.04115217924118042, -0.7667287588119507, -2.223513603210449], [-0.7678324580192566, -0.034335847944021225, 0.6397299766540527, 1.8552169799804688], [0.0, 0.998562753200531, 0.05359525978565216, 0.1554262638092041], [0.0, 0.0, 0.0, 1.0]], "0049": [[-0.8172829151153564, -0.3164496421813965, 0.48156869411468506, 1.3965492248535156], [0.5762367248535156, -0.4488239884376526, 0.6830141544342041, 1.980741024017334], [0.0, 0.8357133269309998, 0.5491660237312317, 1.5925813913345337], [0.0, 0.0, 0.0, 1.0]], "0050": [[0.2616669833660126, 0.08983154594898224, -0.9609686136245728, -2.786808967590332], [-0.965158224105835, 0.02435450255870819, -0.26053112745285034, -0.7555402517318726], [-1.862645149230957e-09, 0.9956591129302979, 0.09307441860437393, 0.2699158191680908], [0.0, 0.0, 0.0, 1.0]], "0051": [[-0.4401357173919678, -0.5683624148368835, 0.695158064365387, 2.015958309173584], [0.8979313969612122, -0.2785921096801758, 0.3407430648803711, 0.9881548881530762], [0.0, 0.7741773724555969, 0.6329687237739563, 1.8356093168258667], [0.0, 0.0, 0.0, 1.0]], "0052": [[0.2970210909843445, -0.7252888679504395, 0.6210753917694092, 1.8011186122894287], [0.9548709988594055, 0.22560752928256989, -0.19319100677967072, -0.560253918170929], [0.0, 0.6504286527633667, 0.759567379951477, 2.2027454376220703], [0.0, 0.0, 0.0, 1.0]], "0053": [[0.42512428760528564, -0.5516359210014343, 0.7176121473312378, 2.0810751914978027], [0.9051350355148315, 0.25909262895584106, -0.3370484411716461, -0.9774404764175415], [1.4901161193847656e-08, 0.7928233742713928, 0.6094515323638916, 1.7674094438552856], [0.0, 0.0, 0.0, 1.0]], "0054": [[0.7517273426055908, 0.127313494682312, -0.647068202495575, -1.8764978647232056], [-0.6594740152359009, 0.14512328803539276, -0.7375860810279846, -2.1389997005462646], [7.450580596923828e-09, 0.9811882972717285, 0.19305309653282166, 0.5598540306091309], [0.0, 0.0, 0.0, 1.0]], "0055": [[0.7385048270225525, 0.40415289998054504, -0.5396952629089355, -1.565116286277771], [-0.6742481589317322, 0.44266918301582336, -0.5911288857460022, -1.7142738103866577], [0.0, 0.8004400730133057, 0.599412739276886, 1.7382969856262207], [0.0, 0.0, 0.0, 1.0]], "0056": [[-0.9585416316986084, -0.211880624294281, 0.1905374526977539, 0.5525586605072021], [0.2849524915218353, -0.7127377390861511, 0.6409422159194946, 1.8587325811386108], [0.0, 0.6686640381813049, 0.7435646653175354, 2.1563377380371094], [0.0, 0.0, 0.0, 1.0]], "0057": [[-0.9954843521118164, 0.013990961946547031, -0.09389014542102814, -0.2722814083099365], [-0.0949268639087677, -0.14672121405601501, 0.9846125245094299, 2.8553762435913086], [0.0, 0.989078938961029, 0.14738677442073822, 0.4274216294288635], [0.0, 0.0, 0.0, 1.0]], "0058": [[-0.0795026570558548, -0.6002575159072876, 0.7958455681800842, 2.3079521656036377], [0.9968347549438477, -0.0478735975921154, 0.06347274035215378, 0.18407094478607178], [0.0, 0.7983726859092712, 0.602163553237915, 1.7462743520736694], [0.0, 0.0, 0.0, 1.0]], "0059": [[-0.9873387813568115, -0.05263611301779747, 0.149638369679451, 0.4339512586593628], [0.15862597525119781, -0.32762396335601807, 0.931397020816803, 2.7010512351989746], [-3.7252898543727042e-09, 0.9433409571647644, 0.33182525634765625, 0.962293267250061], [0.0, 0.0, 0.0, 1.0]], "0060": [[0.5616580843925476, 0.25017377734184265, -0.7886401414871216, -2.2870564460754395], [-0.8273694515228271, 0.16982996463775635, -0.5353667736053467, -1.5525635480880737], [0.0, 0.9531898498535156, 0.3023724853992462, 0.8768801689147949], [0.0, 0.0, 0.0, 1.0]], "0061": [[0.9396313428878784, 0.2949120104312897, -0.17355088889598846, -0.5032975673675537], [-0.3421885669231415, 0.8098124861717224, -0.47656136751174927, -1.3820279836654663], [0.0, 0.5071791410446167, 0.8618406653404236, 2.499337911605835], [0.0, 0.0, 0.0, 1.0]], "0062": [[-0.8394612073898315, -0.45238757133483887, 0.30108189582824707, 0.8731375932693481], [0.5434195399284363, -0.6988373398780823, 0.46510401368141174, 1.3488017320632935], [0.0, 0.5540505647659302, 0.8324829936027527, 2.414200782775879], [0.0, 0.0, 0.0, 1.0]], "0063": [[-0.999980092048645, -0.005754332058131695, 0.0026185759343206882, 0.007593870162963867], [0.006322125904262066, -0.9101712107658386, 0.41418400406837463, 1.2011336088180542], [2.3283064365386963e-10, 0.4141923785209656, 0.9101893901824951, 2.6395492553710938], [0.0, 0.0, 0.0, 1.0]], "0064": [[-0.19917863607406616, -0.847767174243927, 0.49154725670814514, 1.4254870414733887], [0.9799632430076599, -0.17230963706970215, 0.0999075397849083, 0.28973186016082764], [-7.450580596923828e-09, 0.5015977621078491, 0.8651009798049927, 2.5087928771972656], [0.0, 0.0, 0.0, 1.0]], "0065": [[0.846834123134613, -0.271251380443573, 0.4574872851371765, 1.32671320438385], [0.5318570733070374, 0.4318922162055969, -0.7284209728240967, -2.1124210357666016], [0.0, 0.8601697087287903, 0.5100079774856567, 1.4790232181549072], [0.0, 0.0, 0.0, 1.0]], "0066": [[0.44744598865509033, 0.8351901769638062, -0.31976446509361267, -0.9273170232772827], [-0.8943109512329102, 0.41786640882492065, -0.15998609364032745, -0.4639596939086914], [1.4901162970204496e-08, 0.35755398869514465, 0.9338924288749695, 2.7082881927490234], [0.0, 0.0, 0.0, 1.0]], "0067": [[0.9688136577606201, 0.22618131339550018, -0.10120376944541931, -0.2934909164905548], [-0.2477906346321106, 0.884325385093689, -0.3956872224807739, -1.1474928855895996], [7.450580596923828e-09, 0.40842464566230774, 0.9127921462059021, 2.647097110748291], [0.0, 0.0, 0.0, 1.0]], "0068": [[0.6513627767562866, 0.3611142039299011, -0.6673253178596497, -1.9352433681488037], [-0.7587664723396301, 0.30999836325645447, -0.5728651881217957, -1.661309003829956], [0.0, 0.8794870376586914, 0.47592276334762573, 1.3801759481430054], [0.0, 0.0, 0.0, 1.0]], "0069": [[-0.6228744387626648, 0.7114814519882202, -0.3253023624420166, -0.9433768391609192], [-0.7823218703269958, -0.5664722323417664, 0.2590014934539795, 0.7511043548583984], [0.0, 0.41581660509109497, 0.909448504447937, 2.6374006271362305], [0.0, 0.0, 0.0, 1.0]], "0070": [[0.33343082666397095, -0.8673282265663147, 0.3695480227470398, 1.071689248085022], [0.9427745342254639, 0.3067477345466614, -0.13069795072078705, -0.37902402877807617], [0.0, 0.3919791281223297, 0.9199740886688232, 2.6679248809814453], [0.0, 0.0, 0.0, 1.0]], "0071": [[0.4512312412261963, -0.3319896459579468, 0.8283557891845703, 2.4022316932678223], [0.8924070596694946, 0.16786520183086395, -0.41884472966194153, -1.2146496772766113], [0.0, 0.9282263517379761, 0.37201589345932007, 1.0788460969924927], [0.0, 0.0, 0.0, 1.0]], "0072": [[-0.7548456192016602, -0.6150380969047546, 0.22789542376995087, 0.6608967185020447], [0.6559025645256042, -0.7078166604042053, 0.26227349042892456, 0.7605931162834167], [0.0, 0.3474530279636383, 0.9376973509788513, 2.7193222045898438], [0.0, 0.0, 0.0, 1.0]], "0073": [[0.6704771518707275, 0.39042118191719055, -0.6308975219726562, -1.829602837562561], [-0.7419301867485046, 0.3528209328651428, -0.5701377391815186, -1.6533994674682617], [1.4901159417490817e-08, 0.8503462672233582, 0.5262236595153809, 1.5260485410690308], [0.0, 0.0, 0.0, 1.0]], "0074": [[-0.2838538885116577, -0.35955870151519775, 0.8889006972312927, 2.5778121948242188], [0.958867609500885, -0.10644027590751648, 0.26314157247543335, 0.7631106376647949], [-7.450581485102248e-09, 0.9270318150520325, 0.374982625246048, 1.0874496698379517], [0.0, 0.0, 0.0, 1.0]], "0075": [[0.2674720585346222, -0.1580955982208252, 0.9505074620246887, 2.756471633911133], [0.9635656476020813, 0.04388508200645447, -0.263847291469574, -0.765157163143158], [0.0, 0.9864481687545776, 0.16407349705696106, 0.4758131504058838], [0.0, 0.0, 0.0, 1.0]], "0076": [[0.37715497612953186, 0.7272889614105225, -0.573415219783783, -1.662904143333435], [-0.9261502027511597, 0.29617294669151306, -0.23351114988327026, -0.6771823167800903], [-1.4901161193847656e-08, 0.6191384792327881, 0.7852818369865417, 2.2773172855377197], [0.0, 0.0, 0.0, 1.0]], "0077": [[0.9743649363517761, -0.010947502218186855, 0.22470688819885254, 0.6516499519348145], [0.2249734252691269, 0.04741387441754341, -0.9732105731964111, -2.82231068611145], [9.31322685637781e-10, 0.9988152980804443, 0.04866131395101547, 0.14111781120300293], [0.0, 0.0, 0.0, 1.0]], "0078": [[-0.7154630422592163, -0.3520266115665436, 0.6034815311431885, 1.7500964403152466], [0.6986506581306458, -0.3604978322982788, 0.618003785610199, 1.7922109365463257], [0.0, 0.8637815713882446, 0.5038664937019348, 1.4612127542495728], [0.0, 0.0, 0.0, 1.0]], "0079": [[0.7802300453186035, -0.24821557104587555, 0.5741342306137085, 1.6649892330169678], [0.6254926323890686, 0.30962032079696655, -0.7161663174629211, -2.0768823623657227], [0.0, 0.9178912043571472, 0.39683210849761963, 1.150813102722168], [0.0, 0.0, 0.0, 1.0]], "0080": [[0.1525098979473114, -0.0865023136138916, 0.9845091104507446, 2.855076313018799], [0.9883019328117371, 0.013348610140383244, -0.15192459523677826, -0.4405813217163086], [0.0, 0.9961622953414917, 0.08752619475126266, 0.25382596254348755], [0.0, 0.0, 0.0, 1.0]], "0081": [[0.6930697560310364, 0.22229167819023132, -0.6857410073280334, -1.9886490106582642], [-0.7208705544471741, 0.21371884644031525, -0.6592949628829956, -1.9119555950164795], [0.0, 0.9512678980827332, 0.3083655834197998, 0.8942602872848511], [0.0, 0.0, 0.0, 1.0]], "0082": [[0.6392102241516113, 0.6522261500358582, -0.40744486451148987, -1.1815900802612305], [-0.7690320611000061, 0.5421226024627686, -0.3386633098125458, -0.982123613357544], [0.0, 0.5298151969909668, 0.8481131196022034, 2.4595279693603516], [0.0, 0.0, 0.0, 1.0]], "0083": [[0.9998669028282166, 0.011067608371376991, -0.011990685947239399, -0.03477299213409424], [-0.016317736357450485, 0.6781660318374634, -0.7347275018692017, -2.1307098865509033], [0.0, 0.7348253130912781, 0.6782563328742981, 1.9669435024261475], [0.0, 0.0, 0.0, 1.0]], "0084": [[-0.7914597988128662, -0.25509220361709595, 0.5554452538490295, 1.6107912063598633], [0.6112213134765625, -0.3303144574165344, 0.7192363739013672, 2.085785388946533], [0.0, 0.9087465405464172, 0.4173484444618225, 1.210310459136963], [0.0, 0.0, 0.0, 1.0]], "0085": [[-0.42180535197257996, 0.8231752514839172, -0.38008272647857666, -1.1022398471832275], [-0.9066864848136902, -0.38295456767082214, 0.17682068049907684, 0.512779951095581], [-1.4901161193847656e-08, 0.41919979453086853, 0.9078940153121948, 2.632892608642578], [0.0, 0.0, 0.0, 1.0]], "0086": [[0.7110646963119507, 0.261543869972229, -0.6526727676391602, -1.8927509784698486], [-0.7031266093254089, 0.2644966244697571, -0.6600412726402283, -1.9141197204589844], [0.0, 0.9282437562942505, 0.37197262048721313, 1.0787205696105957], [0.0, 0.0, 0.0, 1.0]], "0087": [[0.23174050450325012, -0.3184961676597595, 0.919160783290863, 2.6655662059783936], [0.9727777242660522, 0.07587392628192902, -0.21896757185459137, -0.6350059509277344], [-7.450581485102248e-09, 0.9448826909065247, 0.327409029006958, 0.9494861960411072], [0.0, 0.0, 0.0, 1.0]], "0088": [[-0.9778313636779785, -0.06283155828714371, 0.1997450739145279, 0.5792607069015503], [0.2093941569328308, -0.29341164231300354, 0.9327720403671265, 2.7050387859344482], [7.450581485102248e-09, 0.9539191722869873, 0.3000636100769043, 0.8701844811439514], [0.0, 0.0, 0.0, 1.0]], "0089": [[-0.9449597597122192, -0.09783919155597687, 0.31221580505371094, 0.9054258465766907], [0.32718685269355774, -0.28257277607917786, 0.9017212986946106, 2.6149916648864746], [7.450581485102248e-09, 0.9542432427406311, 0.299031525850296, 0.8671914339065552], [0.0, 0.0, 0.0, 1.0]], "0090": [[0.5139796137809753, 0.04675159230828285, -0.8565273880958557, -2.4839296340942383], [-0.8578025102615356, 0.028012704104185104, -0.5132156014442444, -1.4883253574371338], [1.862645371275562e-09, 0.9985137581825256, 0.05450157821178436, 0.15805459022521973], [0.0, 0.0, 0.0, 1.0]], "0091": [[0.9926055073738098, -0.11163750290870667, 0.047659341245889664, 0.13821208477020264], [0.1213851124048233, 0.9128961563110352, -0.389725923538208, -1.1302051544189453], [0.0, 0.3926292061805725, 0.9196968674659729, 2.667120933532715], [0.0, 0.0, 0.0, 1.0]], "0092": [[0.9797082543373108, -0.028587764129042625, 0.19837984442710876, 0.5753015279769897], [0.20042909681797028, 0.139738529920578, -0.9696913957595825, -2.8121049404144287], [0.0, 0.9897756576538086, 0.14263281226158142, 0.41363513469696045], [0.0, 0.0, 0.0, 1.0]], "0093": [[0.9325225353240967, 0.2905852198600769, -0.21438738703727722, -0.6217234134674072], [-0.3611117899417877, 0.7503971457481384, -0.553626537322998, -1.6055169105529785], [-1.4901161193847656e-08, 0.5936870574951172, 0.8046960234642029, 2.333618402481079], [0.0, 0.0, 0.0, 1.0]], "0094": [[0.9999988079071045, 0.001330589409917593, -0.0008032650803215802, -0.0023294687271118164], [-0.001554253394715488, 0.8560945391654968, -0.5168167352676392, -1.4987685680389404], [-5.820766785236131e-11, 0.5168173909187317, 0.8560956716537476, 2.482677459716797], [0.0, 0.0, 0.0, 1.0]], "0095": [[0.9884355068206787, -0.09599990397691727, 0.11738532036542892, 0.34041738510131836], [0.15164199471473694, 0.6257482767105103, -0.7651430368423462, -2.21891450881958], [-7.450580596923828e-09, 0.7740950584411621, 0.6330693960189819, 1.835901141166687], [0.0, 0.0, 0.0, 1.0]], "0096": [[0.8234239220619202, -0.33867698907852173, 0.4552702307701111, 1.3202836513519287], [0.5674267411231995, 0.49147269129753113, -0.6606675386428833, -1.9159358739852905], [0.0, 0.802341878414154, 0.5968647003173828, 1.7309075593948364], [0.0, 0.0, 0.0, 1.0]], "0097": [[-0.7720481157302856, -0.5350731611251831, 0.3429846167564392, 0.9946553707122803], [0.6355640888214111, -0.6499772667884827, 0.41663873195648193, 1.2082523107528687], [0.0, 0.5396538376808167, 0.8418869972229004, 2.441472291946411], [0.0, 0.0, 0.0, 1.0]], "0098": [[0.25598689913749695, -0.024529844522476196, 0.9663689732551575, 2.8024697303771973], [0.9666802883148193, 0.006495755631476641, -0.2559044659137726, -0.7421228885650635], [0.0, 0.9996780157089233, 0.02537534385919571, 0.07358849048614502], [0.0, 0.0, 0.0, 1.0]], "0099": [[-0.9991037845611572, 0.036474645137786865, -0.021478842943906784, -0.062288641929626465], [-0.042328957468271255, -0.8609225749969482, 0.5069718956947327, 1.4702184200286865], [0.0, 0.5074267387390137, 0.8616949915885925, 2.498915433883667], [0.0, 0.0, 0.0, 1.0]]}