{"K": [[1111.111111111111, 0, 400.0], [0.0, 1111.111111111111, 400.0], [0.0, 0.0, 1.0]], "0000": [[0.047749653458595276, -0.21066001057624817, 0.9763925075531006, 3.222095251083374], [0.9988594055175781, 0.010070429183542728, -0.04667564108967781, -0.15402960777282715], [0.0, 0.977507472038269, 0.21090058982372284, 0.6959719061851501], [0.0, 0.0, 0.0, 1.0]], "0001": [[-0.9911714792251587, 0.07606260478496552, -0.1085980013012886, -0.35837340354919434], [-0.13258598744869232, -0.5686203241348267, 0.8118447661399841, 2.6790876388549805], [-3.7252898543727042e-09, 0.8190760016441345, 0.5736851096153259, 1.8931608200073242], [0.0, 0.0, 0.0, 1.0]], "0002": [[0.8936735391616821, 0.3036658465862274, -0.3303554654121399, -1.0901730060577393], [-0.4487178325653076, 0.6047857403755188, -0.6579411625862122, -2.171205759048462], [1.4901161193847656e-08, 0.7362209558486938, 0.6767412424087524, 2.233246088027954], [0.0, 0.0, 0.0, 1.0]], "0003": [[-0.9964336156845093, -0.02037607878446579, 0.08188425004482269, 0.27021801471710205], [0.08438136428594589, -0.2406148463487625, 0.9669458866119385, 3.1909213066101074], [1.862645371275562e-09, 0.970406711101532, 0.24147608876228333, 0.7968710660934448], [0.0, 0.0, 0.0, 1.0]], "0004": [[-0.9869743585586548, 0.013204331509768963, -0.16033504903316498, -0.5291056632995605], [-0.16087783873081207, -0.08100764453411102, 0.9836443066596985, 3.246026039123535], [9.313225746154785e-10, 0.9966260194778442, 0.08207675069570541, 0.27085328102111816], [0.0, 0.0, 0.0, 1.0]], "0005": [[0.8175973296165466, -0.40564119815826416, 0.4086439609527588, 1.348525047302246], [0.575790524482727, 0.57599276304245, -0.5802565813064575, -1.914846658706665], [0.0, 0.7097095251083374, 0.7044944763183594, 2.32483172416687], [0.0, 0.0, 0.0, 1.0]], "0006": [[0.8768285512924194, 0.23093484342098236, -0.4217117726802826, -1.391648769378662], [-0.4808031916618347, 0.42114999890327454, -0.7690650224685669, -2.537914514541626], [0.0, 0.8770984411239624, 0.4803106188774109, 1.5850249528884888], [0.0, 0.0, 0.0, 1.0]], "0007": [[0.9473584890365601, -0.07696513831615448, 0.31078675389289856, 1.0255963802337646], [0.32017502188682556, 0.22773036360740662, -0.9195796847343445, -3.0346131324768066], [-7.450581485102248e-09, 0.9706776738166809, 0.24038457870483398, 0.793269157409668], [0.0, 0.0, 0.0, 1.0]], "0008": [[0.9857264161109924, 0.1344299465417862, -0.10135167092084885, -0.3344604969024658], [-0.16835549473762512, 0.7870913147926331, -0.5934170484542847, -1.9582762718200684], [-7.450580596923828e-09, 0.6020098924636841, 0.7984886169433594, 2.63501238822937], [0.0, 0.0, 0.0, 1.0]], "0009": [[0.28607460856437683, -0.1290893256664276, 0.9494721293449402, 3.1332578659057617], [0.958207368850708, 0.038539864122867584, -0.2834666967391968, -0.9354400634765625], [-3.725290298461914e-09, 0.9908837676048279, 0.1347196251153946, 0.4445747435092926], [0.0, 0.0, 0.0, 1.0]], "0010": [[-0.07977870106697083, -0.12058620899915695, 0.9894919395446777, 3.2653234004974365], [0.9968127012252808, -0.009650972671806812, 0.07919279485940933, 0.26133620738983154], [9.31322685637781e-10, 0.9926559329032898, 0.12097179889678955, 0.3992069363594055], [0.0, 0.0, 0.0, 1.0]], "0011": [[0.7371241450309753, 0.03399120643734932, -0.6749019026756287, -2.2271761894226074], [-0.6757573485374451, 0.03707801178097725, -0.7361910343170166, -2.4294302463531494], [0.0, 0.9987340569496155, 0.050300903618335724, 0.16599297523498535], [0.0, 0.0, 0.0, 1.0]], "0012": [[-0.992414116859436, 0.04467955604195595, -0.11453408747911453, -0.37796247005462646], [-0.1229403167963028, -0.360667884349823, 0.9245563745498657, 3.0510358810424805], [0.0, 0.9316235780715942, 0.36342477798461914, 1.1993017196655273], [0.0, 0.0, 0.0, 1.0]], "0013": [[0.9772947430610657, -0.01305993553251028, 0.21148191392421722, 0.6978902816772461], [0.21188481152057648, 0.060237474739551544, -0.9754364490509033, -3.218940258026123], [0.0, 0.998098611831665, 0.06163696572184563, 0.20340198278427124], [0.0, 0.0, 0.0, 1.0]], "0014": [[0.8971055746078491, -0.26356250047683716, 0.354593425989151, 1.1701582670211792], [0.44181638956069946, 0.535162091255188, -0.7199999094009399, -2.375999689102173], [1.4901161193847656e-08, 0.8025810718536377, 0.5965431332588196, 1.9685922861099243], [0.0, 0.0, 0.0, 1.0]], "0015": [[-0.31288740038871765, -0.6423163414001465, 0.6996650099754333, 2.308894395828247], [0.9497902989387512, -0.21159690618515015, 0.23048914968967438, 0.7606141567230225], [1.4901162970204496e-08, 0.736652135848999, 0.6762718558311462, 2.2316970825195312], [0.0, 0.0, 0.0, 1.0]], "0016": [[-0.06032388657331467, -0.5847019553184509, 0.8090022802352905, 2.6697075366973877], [0.9981788396835327, -0.03533584251999855, 0.04889119789004326, 0.16134095191955566], [-1.862645149230957e-09, 0.8104782700538635, 0.5857686996459961, 1.9330365657806396], [0.0, 0.0, 0.0, 1.0]], "0017": [[-0.9747408628463745, 0.11778243631124496, -0.18975691497325897, -0.6261978149414062], [-0.22333918511867523, -0.5140492916107178, 0.8281744718551636, 2.732975721359253], [0.0, 0.8496356010437012, 0.527370274066925, 1.7403217554092407], [0.0, 0.0, 0.0, 1.0]], "0018": [[0.4516918659210205, -0.5212385058403015, 0.724075198173523, 2.3894481658935547], [0.8921740055084229, 0.26389381289482117, -0.3665864169597626, -1.2097351551055908], [0.0, 0.8115851879119873, 0.5842341184616089, 1.9279725551605225], [0.0, 0.0, 0.0, 1.0]], "0019": [[0.1718965768814087, 0.31744593381881714, -0.932566225528717, -3.0774683952331543], [-0.985115110874176, 0.05539238080382347, -0.16272711753845215, -0.5369994640350342], [0.0, 0.9466570615768433, 0.3222425580024719, 1.063400387763977], [0.0, 0.0, 0.0, 1.0]], "0020": [[-0.12653398513793945, 0.3719552457332611, -0.9195860624313354, -3.0346338748931885], [-0.9919623136520386, -0.04744634032249451, 0.11730172485113144, 0.38709568977355957], [-3.725290298461914e-09, 0.927037239074707, 0.3749691843986511, 1.2373982667922974], [0.0, 0.0, 0.0, 1.0]], "0021": [[-0.6229822635650635, 0.6153430938720703, -0.4829554855823517, -1.5937530994415283], [-0.7822359800338745, -0.4900667369365692, 0.3846316337585449, 1.2692843675613403], [0.0, 0.6174038052558899, 0.7866463661193848, 2.595932960510254], [0.0, 0.0, 0.0, 1.0]], "0022": [[-0.05422373488545418, 0.5140402317047119, -0.856050431728363, -2.8249664306640625], [-0.9985288381576538, -0.027914248406887054, 0.046486638486385345, 0.15340590476989746], [-1.862645149230957e-09, 0.8573118448257446, 0.5147976279258728, 1.6988321542739868], [0.0, 0.0, 0.0, 1.0]], "0023": [[0.5374549627304077, -0.622378945350647, 0.5690224766731262, 1.8777741193771362], [0.8432924747467041, 0.39666032791137695, -0.3626546859741211, -1.1967604160308838], [-1.4901161193847656e-08, 0.6747629046440125, 0.7380345463752747, 2.435513973236084], [0.0, 0.0, 0.0, 1.0]], "0024": [[0.6145191192626953, -0.06724347919225693, 0.7860309481620789, 2.593902111053467], [0.7889019846916199, 0.05237964168190956, -0.6122826933860779, -2.0205328464508057], [0.0, 0.996360719203949, 0.0852368026971817, 0.281281441450119], [0.0, 0.0, 0.0, 1.0]], "0025": [[-0.2821494936943054, 0.32487547397613525, -0.9026890993118286, -2.9788742065429688], [-0.9593705534934998, -0.09554541110992432, 0.26547956466674805, 0.8760826587677002], [0.0, 0.9409181475639343, 0.3386339843273163, 1.1174921989440918], [0.0, 0.0, 0.0, 1.0]], "0026": [[-0.899469256401062, 0.3446948528289795, -0.2685897648334503, -0.8863462209701538], [-0.43698400259017944, -0.7095052599906921, 0.5528537631034851, 1.8244173526763916], [-1.4901161193847656e-08, 0.6146443486213684, 0.7888043522834778, 2.6030542850494385], [0.0, 0.0, 0.0, 1.0]], "0027": [[-0.6934086084365845, 0.22521473467350006, -0.684443473815918, -2.2586634159088135], [-0.7205446362495422, -0.21673305332660675, 0.6586670279502869, 2.1736011505126953], [0.0, 0.9498974084854126, 0.31256183981895447, 1.031454086303711], [0.0, 0.0, 0.0, 1.0]], "0028": [[0.9879761934280396, 0.003002540208399296, -0.15457704663276672, -0.510104238986969], [-0.1546061933040619, 0.01918705925345421, -0.9877898693084717, -3.259706497192383], [2.3283061589829401e-10, 0.9998114705085754, 0.01942056603729725, 0.0640878677368164], [0.0, 0.0, 0.0, 1.0]], "0029": [[0.8886966705322266, -0.19368360936641693, 0.41557779908180237, 1.3714065551757812], [0.4584956169128418, 0.3754146993160248, -0.8055095672607422, -2.6581811904907227], [-1.4901159417490817e-08, 0.9063943028450012, 0.42243286967277527, 1.3940283060073853], [0.0, 0.0, 0.0, 1.0]], "0030": [[0.7350093722343445, -0.32136574387550354, 0.5970639586448669, 1.970310926437378], [0.6780570149421692, 0.3483583629131317, -0.6472134590148926, -2.1358044147491455], [1.4901159417490817e-08, 0.8805513381958008, 0.47395092248916626, 1.5640380382537842], [0.0, 0.0, 0.0, 1.0]], "0031": [[0.8932445049285889, 0.333645224571228, -0.30132248997688293, -0.9943642616271973], [-0.4495713710784912, 0.6629131436347961, -0.5986917018890381, -1.9756827354431152], [0.0, 0.6702439785003662, 0.7421407699584961, 2.4490647315979004], [0.0, 0.0, 0.0, 1.0]], "0032": [[0.38259702920913696, 0.34506604075431824, -0.8570583462715149, -2.8282923698425293], [-0.923915445804596, 0.1428932100534439, -0.3549112379550934, -1.171207070350647], [0.0, 0.9276372194290161, 0.373482346534729, 1.2324917316436768], [0.0, 0.0, 0.0, 1.0]], "0033": [[0.357654869556427, 0.41090279817581177, -0.8385952115058899, -2.767364025115967], [-0.9338538646697998, 0.15737088024616241, -0.32117196917533875, -1.05986750125885], [0.0, 0.8979939818382263, 0.4400077164173126, 1.4520254135131836], [0.0, 0.0, 0.0, 1.0]], "0034": [[-0.9204129576683044, 0.15528112649917603, -0.3587867021560669, -1.1839962005615234], [-0.39094778895378113, -0.3655802011489868, 0.8446957468986511, 2.7874960899353027], [0.0, 0.9177356958389282, 0.3971915543079376, 1.3107322454452515], [0.0, 0.0, 0.0, 1.0]], "0035": [[-0.022657567635178566, 0.3419686257839203, -0.9394382238388062, -3.1001462936401367], [-0.9997433423995972, -0.007750166114419699, 0.021290849894285202, 0.07025980949401855], [4.656613428188905e-10, 0.9396793246269226, 0.3420564532279968, 1.128786325454712], [0.0, 0.0, 0.0, 1.0]], "0036": [[0.9908082485198975, 0.0065161921083927155, -0.13511712849140167, -0.445886492729187], [-0.13527417182922363, 0.047727491706609726, -0.9896580576896667, -3.265871524810791], [-4.656612873077393e-10, 0.9988391399383545, 0.04817027226090431, 0.15896189212799072], [0.0, 0.0, 0.0, 1.0]], "0037": [[0.4475362002849579, -0.6887494921684265, 0.5703819394111633, 1.8822603225708008], [0.89426589012146, 0.3446853458881378, -0.28544819355010986, -0.9419789910316467], [0.0, 0.6378214359283447, 0.7701842784881592, 2.5416080951690674], [0.0, 0.0, 0.0, 1.0]], "0038": [[0.803565263748169, -0.38747110962867737, 0.4518284797668457, 1.491033911705017], [0.5952166318893433, 0.5231008529663086, -0.6099857687950134, -2.012953042984009], [0.0, 0.7590991854667664, 0.6509749293327332, 2.14821720123291], [0.0, 0.0, 0.0, 1.0]], "0039": [[-0.35327625274658203, -0.1987503468990326, 0.9141631126403809, 3.0167384147644043], [0.9355191588401794, -0.07505327463150024, 0.3452116549015045, 1.1391985416412354], [0.0, 0.9771721363067627, 0.21244925260543823, 0.7010825872421265], [0.0, 0.0, 0.0, 1.0]], "0040": [[0.047752734273672104, -0.4307112991809845, 0.9012255668640137, 2.9740443229675293], [0.9988592863082886, 0.02059112675487995, -0.04308512806892395, -0.1421809196472168], [1.862645371275562e-09, 0.9022548198699951, 0.4312032461166382, 1.4229706525802612], [0.0, 0.0, 0.0, 1.0]], "0041": [[-0.14737056195735931, -0.09213621914386749, 0.9847806096076965, 3.2497758865356445], [0.9890814423561096, -0.01372805517166853, 0.1467297375202179, 0.4842081069946289], [-9.31322685637781e-10, 0.9956517815589905, 0.09315332025289536, 0.307405948638916], [0.0, 0.0, 0.0, 1.0]], "0042": [[0.9595541954040527, -0.18873004615306854, 0.2088944911956787, 0.6893517971038818], [0.28152433037757874, 0.6432719230651855, -0.7120009064674377, -2.3496029376983643], [0.0, 0.7420122623443604, 0.6703863143920898, 2.2122747898101807], [0.0, 0.0, 0.0, 1.0]], "0043": [[0.26325100660324097, -0.6462089419364929, 0.7163190841674805, 2.3638529777526855], [0.9647274017333984, 0.176334947347641, -0.1954663246870041, -0.6450388431549072], [0.0, 0.7425093054771423, 0.6698357462882996, 2.2104578018188477], [0.0, 0.0, 0.0, 1.0]], "0044": [[-0.3254796266555786, 0.6981564164161682, -0.6376838684082031, -2.1043567657470703], [-0.9455490112304688, -0.24032142758369446, 0.21950538456439972, 0.7243677377700806], [0.0, 0.6744059324264526, 0.7383608222007751, 2.4365906715393066], [0.0, 0.0, 0.0, 1.0]], "0045": [[0.9990612268447876, -0.02680889703333378, 0.034030623733997345, 0.1123010516166687], [0.04332205280661583, 0.6182469129562378, -0.7847890853881836, -2.58980393409729], [1.862645371275562e-09, 0.7855265140533447, 0.6188279390335083, 2.0421321392059326], [0.0, 0.0, 0.0, 1.0]], "0046": [[0.9736403226852417, -0.12669220566749573, 0.1896674782037735, 0.6259026527404785], [0.22808915376663208, 0.5408088564872742, -0.809630274772644, -2.6717798709869385], [-7.450580596923828e-09, 0.8315497040748596, 0.5554503798484802, 1.8329862356185913], [0.0, 0.0, 0.0, 1.0]], "0047": [[0.8757251501083374, 0.1668473780155182, -0.4530644714832306, -1.4951125383377075], [-0.4828099310398102, 0.30262935161590576, -0.821772575378418, -2.7118492126464844], [0.0, 0.9383909106254578, 0.345575749874115, 1.1403998136520386], [0.0, 0.0, 0.0, 1.0]], "0048": [[0.341579407453537, -0.723458468914032, 0.5999428629875183, 1.979811429977417], [0.9398529529571533, 0.2629331648349762, -0.2180427610874176, -0.719541072845459], [1.4901161193847656e-08, 0.6383368968963623, 0.769757091999054, 2.54019832611084], [0.0, 0.0, 0.0, 1.0]], "0049": [[-0.9950939416885376, -0.056249674409627914, 0.08138851821422577, 0.2685821056365967], [0.09893491864204407, -0.565762996673584, 0.8186111450195312, 2.7014167308807373], [0.0, 0.8226471543312073, 0.5685523152351379, 1.8762226104736328], [0.0, 0.0, 0.0, 1.0]], "0050": [[-0.2744460701942444, 0.7125797867774963, -0.6456853151321411, -2.1307613849639893], [-0.961602509021759, -0.2033737599849701, 0.18428175151348114, 0.6081297397613525], [0.0, 0.6714680194854736, 0.741033673286438, 2.445410966873169], [0.0, 0.0, 0.0, 1.0]], "0051": [[0.915635347366333, -0.25136250257492065, 0.31373387575149536, 1.0353217124938965], [0.40201008319854736, 0.572513997554779, -0.7145737409591675, -2.35809326171875], [1.4901162970204496e-08, 0.780413031578064, 0.6252643465995789, 2.0633723735809326], [0.0, 0.0, 0.0, 1.0]], "0052": [[0.17968352138996124, 0.6030868887901306, -0.7771745324134827, -2.5646755695343018], [-0.9837244749069214, 0.11015763878822327, -0.14195585250854492, -0.4684542417526245], [-7.4505797087454084e-09, 0.790032684803009, 0.6130647659301758, 2.023113489151001], [0.0, 0.0, 0.0, 1.0]], "0053": [[-0.6218780279159546, -0.04553865268826485, 0.7817890048027039, 2.5799036026000977], [0.7831141948699951, -0.03616264835000038, 0.6208256483078003, 2.04872465133667], [-1.862645149230957e-09, 0.9983078241348267, 0.058150727301836014, 0.19189739227294922], [0.0, 0.0, 0.0, 1.0]], "0054": [[0.03961413353681564, -0.7481265068054199, 0.6623725891113281, 2.1858294010162354], [0.9992150664329529, 0.029659664258360863, -0.026259928941726685, -0.08665776252746582], [0.0, 0.6628928780555725, 0.74871426820755, 2.470757007598877], [0.0, 0.0, 0.0, 1.0]], "0055": [[0.5967897772789001, -0.44198518991470337, 0.6696947813034058, 2.2099926471710205], [0.8023977279663086, 0.3287300765514374, -0.498090922832489, -1.6437000036239624], [0.0, 0.8346169590950012, 0.5508306622505188, 1.8177411556243896], [0.0, 0.0, 0.0, 1.0]], "0056": [[-0.8960822820663452, 0.3385508060455322, -0.28708893060684204, -0.9473934173583984], [-0.44388818740844727, -0.6834364533424377, 0.5795497894287109, 1.9125142097473145], [0.0, 0.646759569644928, 0.7626940011978149, 2.516890048980713], [0.0, 0.0, 0.0, 1.0]], "0057": [[-0.9406833052635193, 0.2438189536333084, -0.23593910038471222, -0.7785990238189697], [-0.3392859399318695, -0.6759974360466003, 0.6541502475738525, 2.158695697784424], [1.4901161193847656e-08, 0.6953989863395691, 0.7186238765716553, 2.3714587688446045], [0.0, 0.0, 0.0, 1.0]], "0058": [[-0.8026881217956543, -0.17352056503295898, 0.5705984234809875, 1.8829748630523682], [0.596399188041687, -0.23353968560695648, 0.7679630517959595, 2.534278154373169], [-1.4901162970204496e-08, 0.9567391276359558, 0.2909470498561859, 0.9601253271102905], [0.0, 0.0, 0.0, 1.0]], "0059": [[-0.5616033673286438, -0.46768584847450256, 0.682547926902771, 2.252408027648926], [0.8274067044258118, -0.317442387342453, 0.4632803201675415, 1.528825044631958], [0.0, 0.8249243497848511, 0.565243124961853, 1.8653022050857544], [0.0, 0.0, 0.0, 1.0]], "0060": [[-0.9331010580062866, -0.20871207118034363, 0.2928510010242462, 0.9664082527160645], [0.3596142828464508, -0.5415509939193726, 0.7598685622215271, 2.507566213607788], [0.0, 0.8143475651741028, 0.5803775787353516, 1.9152458906173706], [0.0, 0.0, 0.0, 1.0]], "0061": [[0.22915326058864594, -0.5055445432662964, 0.831813395023346, 2.7449839115142822], [0.9733903408050537, 0.11901410669088364, -0.195823535323143, -0.6462175846099854], [-7.450580596923828e-09, 0.854552686214447, 0.5193647146224976, 1.7139033079147339], [0.0, 0.0, 0.0, 1.0]], "0062": [[0.6302749514579773, -0.4461297392845154, 0.6353909373283386, 2.096790313720703], [0.7763720750808716, 0.36217743158340454, -0.5158236026763916, -1.7022180557250977], [-1.4901162970204496e-08, 0.8184104561805725, 0.5746340155601501, 1.8962924480438232], [0.0, 0.0, 0.0, 1.0]], "0063": [[0.6959895491600037, -0.08580705523490906, 0.712906539440155, 2.3525915145874023], [0.7180519104003906, 0.08317060768604279, -0.6910022497177124, -2.2803072929382324], [-3.7252898543727042e-09, 0.9928342700004578, 0.1194998025894165, 0.3943493366241455], [0.0, 0.0, 0.0, 1.0]], "0064": [[-0.7213553786277771, -0.5203902721405029, 0.45699065923690796, 1.5080691576004028], [0.6925652027130127, -0.5420231223106384, 0.47598797082901, 1.5707602500915527], [-1.4901161193847656e-08, 0.6598522067070007, 0.7513954043388367, 2.479604721069336], [0.0, 0.0, 0.0, 1.0]], "0065": [[-0.8464893102645874, 0.4238126873970032, -0.32224026322364807, -1.0633928775787354], [-0.5324058532714844, -0.6738334894180298, 0.5123401880264282, 1.6907225847244263], [0.0, 0.6052529811859131, 0.7960331439971924, 2.6269092559814453], [0.0, 0.0, 0.0, 1.0]], "0066": [[0.9356545209884644, 0.2009548395872116, -0.2901168763637543, -0.9573855400085449], [-0.352917343378067, 0.5327715277671814, -0.7691579461097717, -2.5382208824157715], [0.0, 0.8220533132553101, 0.5694105625152588, 1.8790546655654907], [0.0, 0.0, 0.0, 1.0]], "0067": [[-0.8996650576591492, -0.3091444969177246, 0.30827367305755615, 1.017303228378296], [0.4365810453891754, -0.6370558738708496, 0.6352612972259521, 2.096362352371216], [2.980232594040899e-08, 0.7061087489128113, 0.708103358745575, 2.3367412090301514], [0.0, 0.0, 0.0, 1.0]], "0068": [[-0.8724771738052368, -0.18627916276454926, 0.4517562687397003, 1.490795612335205], [0.4886549711227417, -0.33259525895118713, 0.8065958023071289, 2.6617660522460938], [1.4901161193847656e-08, 0.9244893193244934, 0.38120803236961365, 1.2579864263534546], [0.0, 0.0, 0.0, 1.0]], "0069": [[-0.8423081636428833, -0.10159754008054733, 0.5293344259262085, 1.746803641319275], [0.5389962792396545, -0.15876999497413635, 0.8272092342376709, 2.729790449142456], [0.0, 0.9820743799209595, 0.18849395215511322, 0.6220300197601318], [0.0, 0.0, 0.0, 1.0]], "0070": [[-0.6580299139022827, 0.21081797778606415, -0.7228778600692749, -2.3854968547821045], [-0.752991795539856, -0.18423114717006683, 0.6317137479782104, 2.084655284881592], [-1.4901161193847656e-08, 0.9600076675415039, 0.2799738049507141, 0.9239135384559631], [0.0, 0.0, 0.0, 1.0]], "0071": [[-0.19180482625961304, -0.3377203941345215, 0.921496570110321, 3.04093861579895], [0.9814331531524658, -0.06600185483694077, 0.18009121716022491, 0.5943009853363037], [7.450580596923828e-09, 0.938929557800293, 0.3441094756126404, 1.135561227798462], [0.0, 0.0, 0.0, 1.0]], "0072": [[-0.8408675193786621, -0.273174524307251, 0.46724459528923035, 1.5419070720672607], [0.5412410497665405, -0.4244016706943512, 0.7259072661399841, 2.395493984222412], [1.4901161193847656e-08, 0.8632838129997253, 0.5047188401222229, 1.665572166442871], [0.0, 0.0, 0.0, 1.0]], "0073": [[-0.8122386932373047, -0.1550648957490921, 0.5623372793197632, 1.8557127714157104], [0.583325207233429, -0.21591679751873016, 0.7830145359039307, 2.5839476585388184], [0.0, 0.9640201330184937, 0.2658292353153229, 0.8772363662719727], [0.0, 0.0, 0.0, 1.0]], "0074": [[0.8959774971008301, 0.3449288010597229, -0.2797294557094574, -0.9231071472167969], [-0.44409966468811035, 0.6958988904953003, -0.5643582940101624, -1.8623822927474976], [-1.4901162970204496e-08, 0.6298800110816956, 0.7766924500465393, 2.5630850791931152], [0.0, 0.0, 0.0, 1.0]], "0075": [[-0.13031154870986938, 0.16679607331752777, -0.9773423075675964, -3.225229263305664], [-0.9914731383323669, -0.021922385320067406, 0.1284543126821518, 0.42389917373657227], [1.862645149230957e-09, 0.9857476949691772, 0.1682305485010147, 0.5551607608795166], [0.0, 0.0, 0.0, 1.0]], "0076": [[0.9990734457969666, -0.003088214434683323, 0.04292723163962364, 0.14165985584259033], [0.04303817078471184, 0.07168875634670258, -0.996498167514801, -3.2884438037872314], [0.0, 0.9974222183227539, 0.07175525277853012, 0.23679232597351074], [0.0, 0.0, 0.0, 1.0]], "0077": [[-0.8441053628921509, 0.41038089990615845, -0.34507060050964355, -1.13873291015625], [-0.5361774563789368, -0.6460635662078857, 0.5432454347610474, 1.7927098274230957], [1.4901161193847656e-08, 0.6435754895210266, 0.7653827667236328, 2.5257630348205566], [0.0, 0.0, 0.0, 1.0]], "0078": [[-0.6485643982887268, 0.4009099006652832, -0.6470205187797546, -2.1351675987243652], [-0.7611598968505859, -0.3416047990322113, 0.5513092279434204, 1.8193204402923584], [1.4901162970204496e-08, 0.8500455021858215, 0.526709258556366, 1.73814058303833], [0.0, 0.0, 0.0, 1.0]], "0079": [[0.15487182140350342, -0.05747213214635849, 0.9862614274024963, 3.2546629905700684], [0.9879345893859863, 0.00900951772928238, -0.1546095311641693, -0.5102114677429199], [0.0, 0.9983065128326416, 0.058174021542072296, 0.19197428226470947], [0.0, 0.0, 0.0, 1.0]], "0080": [[-0.20268377661705017, 0.7168689966201782, -0.667096734046936, -2.2014191150665283], [-0.9792442917823792, -0.14837738871574402, 0.13807553052902222, 0.4556492567062378], [-7.450581485102248e-09, 0.6812362670898438, 0.7320635914802551, 2.4158098697662354], [0.0, 0.0, 0.0, 1.0]], "0081": [[0.43816137313842773, -0.21561594307422638, 0.8726536631584167, 2.8797569274902344], [0.8988962769508362, 0.10510063916444778, -0.4253695607185364, -1.4037195444107056], [0.0, 0.9708057045936584, 0.2398674339056015, 0.7915624976158142], [0.0, 0.0, 0.0, 1.0]], "0082": [[0.6573358178138733, 0.08085521310567856, -0.7492477297782898, -2.472517251968384], [-0.7535978555679321, 0.07052704691886902, -0.6535413861274719, -2.156686305999756], [0.0, 0.9942275285720825, 0.10729227215051651, 0.3540644645690918], [0.0, 0.0, 0.0, 1.0]], "0083": [[-0.15376882255077362, 0.23969629406929016, -0.9585931897163391, -3.1633574962615967], [-0.988106906414032, -0.0373014435172081, 0.14917591214179993, 0.4922804832458496], [3.725290298461914e-09, 0.9701310396194458, 0.24258136749267578, 0.8005185127258301], [0.0, 0.0, 0.0, 1.0]], "0084": [[-0.8750383853912354, -0.27632221579551697, 0.39743417501449585, 1.311532735824585], [0.4840536117553711, -0.4995160400867462, 0.7184538245201111, 2.3708975315093994], [-1.4901161193847656e-08, 0.8210541009902954, 0.5708504319190979, 1.8838063478469849], [0.0, 0.0, 0.0, 1.0]], "0085": [[0.2869952619075775, 0.6716720461845398, -0.6830009818077087, -2.253903388977051], [-0.9579319953918457, 0.20123213529586792, -0.20462627708911896, -0.6752667427062988], [-1.4901161193847656e-08, 0.7129952907562256, 0.7011688351631165, 2.313857316970825], [0.0, 0.0, 0.0, 1.0]], "0086": [[-0.2682049572467804, 0.1864818036556244, -0.945140540599823, -3.1189637184143066], [-0.9633618593215942, -0.05191750079393387, 0.2631320357322693, 0.8683357238769531], [3.725290298461914e-09, 0.9810857176780701, 0.1935739815235138, 0.6387941241264343], [0.0, 0.0, 0.0, 1.0]], "0087": [[-0.7989699840545654, -0.3673669397830963, 0.4761182367801666, 1.5711901187896729], [0.6013709902763367, -0.48807668685913086, 0.6325615644454956, 2.0874531269073486], [0.0, 0.7917213439941406, 0.6108824610710144, 2.0159120559692383], [0.0, 0.0, 0.0, 1.0]], "0088": [[0.7455663681030273, -0.5045967698097229, 0.4353308081626892, 1.436591625213623], [0.6664314270019531, 0.5645147562026978, -0.48702386021614075, -1.6071786880493164], [0.0, 0.6532266736030579, 0.7571623921394348, 2.498635768890381], [0.0, 0.0, 0.0, 1.0]], "0089": [[0.9944758415222168, -0.06492792814970016, 0.08247602730989456, 0.27217090129852295], [0.10496633499860764, 0.6151424646377563, -0.7813973426818848, -2.578611373901367], [3.725290298461914e-09, 0.785737931728363, 0.6185595393180847, 2.0412466526031494], [0.0, 0.0, 0.0, 1.0]], "0090": [[0.15002140402793884, 0.5083065032958984, -0.8480083346366882, -2.7984273433685303], [-0.988682746887207, 0.07712975144386292, -0.1286756694316864, -0.42462968826293945], [-7.4505797087454084e-09, 0.8577153086662292, 0.5141249895095825, 1.6966123580932617], [0.0, 0.0, 0.0, 1.0]], "0091": [[0.5811012387275696, 0.608657956123352, -0.5402377843856812, -1.7827847003936768], [-0.8138313889503479, 0.43460097908973694, -0.3857468366622925, -1.2729644775390625], [-1.4901162970204496e-08, 0.6638202667236328, 0.7478920817375183, 2.468043804168701], [0.0, 0.0, 0.0, 1.0]], "0092": [[-0.5718935132026672, -0.017948351800441742, -0.8201315402984619, -2.7064340114593506], [-0.8203279972076416, 0.012512735091149807, 0.5717566013336182, 1.8867967128753662], [0.0, 0.9997605681419373, -0.021879488602280617, -0.07220230996608734], [0.0, 0.0, 0.0, 1.0]], "0093": [[0.967442512512207, -0.17014989256858826, 0.18736055493354797, 0.6182898283004761], [0.25309082865715027, 0.650399923324585, -0.7161878347396851, -2.363419771194458], [-7.450580596923828e-09, 0.7402898073196411, 0.6722878813743591, 2.218549966812134], [0.0, 0.0, 0.0, 1.0]], "0094": [[-0.23223915696144104, -0.12517794966697693, 0.9645700454711914, 3.1830813884735107], [0.9726587533950806, -0.02988840639591217, 0.23030783236026764, 0.7600159049034119], [-1.862645371275562e-09, 0.9916839599609375, 0.12869668006896973, 0.424699068069458], [0.0, 0.0, 0.0, 1.0]], "0095": [[0.6524309515953064, 0.17391841113567352, -0.7376220226287842, -2.434152841567993], [-0.7578482627868652, 0.14972621202468872, -0.6350182294845581, -2.095560312271118], [-1.4901161193847656e-08, 0.9733111262321472, 0.2294897586107254, 0.7573162317276001], [0.0, 0.0, 0.0, 1.0]], "0096": [[0.6474230885505676, 0.35347121953964233, -0.6752047538757324, -2.228175640106201], [-0.7621307373046875, 0.30027055740356445, -0.573580265045166, -1.8928147554397583], [0.0, 0.8859434127807617, 0.4637933671474457, 1.5305180549621582], [0.0, 0.0, 0.0, 1.0]], "0097": [[-0.36947882175445557, -0.3411587178707123, 0.8643472790718079, 2.8523459434509277], [0.9292391538619995, -0.13564960658550262, 0.3436768651008606, 1.1341335773468018], [1.4901161193847656e-08, 0.9301665425300598, 0.36713775992393494, 1.2115545272827148], [0.0, 0.0, 0.0, 1.0]], "0098": [[0.9211580753326416, 0.19112959504127502, -0.33902406692504883, -1.1187794208526611], [-0.389188677072525, 0.45237845182418823, -0.8024250864982605, -2.6480026245117188], [0.0, 0.8711046576499939, 0.4910975396633148, 1.6206218004226685], [0.0, 0.0, 0.0, 1.0]], "0099": [[-0.24893827736377716, -0.6079636216163635, 0.7539297342300415, 2.4879682064056396], [0.9685194492340088, -0.15626470744609833, 0.19378234446048737, 0.639481782913208], [-7.450581485102248e-09, 0.7784354090690613, 0.6277247071266174, 2.0714917182922363], [0.0, 0.0, 0.0, 1.0]]}