{"K": [[1111.111111111111, 0, 400.0], [0.0, 1111.111111111111, 400.0], [0.0, 0.0, 1.0]], "0000": [[-0.882299542427063, 0.06663765013217926, -0.4659474492073059, -1.3512475490570068], [-0.47068846225738525, -0.12491142749786377, 0.873412549495697, 2.5328962802886963], [-3.725290298461914e-09, 0.9899275898933411, 0.14157484471797943, 0.410567045211792], [0.0, 0.0, 0.0, 1.0]], "0001": [[0.2759624123573303, -0.3153020739555359, 0.9079809188842773, 2.6331446170806885], [0.9611685276031494, 0.09052681177854538, -0.26069164276123047, -0.7560057640075684], [0.0, 0.9446636438369751, 0.32804039120674133, 0.9513171315193176], [0.0, 0.0, 0.0, 1.0]], "0002": [[0.1199461817741394, -0.34822842478752136, 0.9297042489051819, 2.6961421966552734], [0.9927803874015808, 0.042072419077157974, -0.11232542991638184, -0.32574373483657837], [0.0, 0.9364651441574097, 0.3507607579231262, 1.0172061920166016], [0.0, 0.0, 0.0, 1.0]], "0003": [[0.12018653750419617, 0.06280329078435898, -0.9907628297805786, -2.8732120990753174], [-0.9927513003349304, 0.0076032234355807304, -0.11994580179452896, -0.347842812538147], [0.0, 0.9979969263076782, 0.06326186656951904, 0.18345940113067627], [0.0, 0.0, 0.0, 1.0]], "0004": [[0.37324467301368713, -0.6446910500526428, 0.6671295762062073, 1.934675693511963], [0.9277329444885254, 0.2593715190887451, -0.2683989703655243, -0.7783570289611816], [0.0, 0.7190965414047241, 0.6949101686477661, 2.0152394771575928], [0.0, 0.0, 0.0, 1.0]], "0005": [[0.9654172658920288, -0.14664360880851746, 0.21555784344673157, 0.6251177787780762], [0.2607097029685974, 0.5430265069007874, -0.7982183694839478, -2.314833402633667], [0.0, 0.8268117904663086, 0.5624786019325256, 1.6311880350112915], [0.0, 0.0, 0.0, 1.0]], "0006": [[-0.9207152128219604, -0.2514704763889313, 0.29840612411499023, 0.8653777837753296], [0.3902353346347809, -0.5933155417442322, 0.7040547132492065, 2.0417587757110596], [1.4901161193847656e-08, 0.7646825313568115, 0.6444072127342224, 1.8687810897827148], [0.0, 0.0, 0.0, 1.0]], "0007": [[-0.550449013710022, 0.365519255399704, -0.7506008148193359, -2.1767425537109375], [-0.8348687887191772, -0.2409955859184265, 0.4948890805244446, 1.4351783990859985], [0.0, 0.8990644216537476, 0.4378163814544678, 1.269667625427246], [0.0, 0.0, 0.0, 1.0]], "0008": [[0.8302658796310425, 0.27553996443748474, -0.4844958782196045, -1.4050379991531372], [-0.5573675036430359, 0.41044992208480835, -0.7217148542404175, -2.092972993850708], [1.4901161193847656e-08, 0.8692575097084045, 0.4943595826625824, 1.4336427450180054], [0.0, 0.0, 0.0, 1.0]], "0009": [[-0.9385858774185181, -0.0008416592027060688, 0.34504467248916626, 1.0006295442581177], [0.34504568576812744, -0.0022894633002579212, 0.9385830760002136, 2.721890926361084], [5.820766091346741e-11, 0.9999970197677612, 0.002439268631860614, 0.007073879241943359], [0.0, 0.0, 0.0, 1.0]], "0010": [[0.8926591277122498, -0.08948386460542679, 0.44176045060157776, 1.2811052799224854], [0.45073238015174866, 0.17721953988075256, -0.8748905658721924, -2.537182569503784], [7.450580596923828e-09, 0.980094850063324, 0.1985298991203308, 0.5757367014884949], [0.0, 0.0, 0.0, 1.0]], "0011": [[-0.8454574346542358, -0.06469506025314331, 0.5301096439361572, 1.5373178720474243], [0.5340427756309509, -0.10242050141096115, 0.8392308354377747, 2.433769464492798], [3.725290298461914e-09, 0.9926351308822632, 0.12114210426807404, 0.3513121008872986], [0.0, 0.0, 0.0, 1.0]], "0012": [[0.989922285079956, 0.0061332592740654945, -0.14147886633872986, -0.4102886915206909], [-0.1416117548942566, 0.042873915284872055, -0.9889933466911316, -2.8680806159973145], [0.0, 0.999061644077301, 0.04331038147211075, 0.12560009956359863], [0.0, 0.0, 0.0, 1.0]], "0013": [[0.2931763827800751, -0.644503653049469, 0.7061605453491211, 2.047865629196167], [0.9560583829879761, 0.19763775169849396, -0.21654491126537323, -0.6279802322387695], [1.4901161193847656e-08, 0.7386165857315063, 0.6741257905960083, 1.9549647569656372], [0.0, 0.0, 0.0, 1.0]], "0014": [[-0.9740362167358398, -0.008410586044192314, 0.22623620927333832, 0.6560850143432617], [0.22639250755310059, -0.03618589788675308, 0.9733637571334839, 2.8227548599243164], [9.31322685637781e-10, 0.9993095993995667, 0.037150464951992035, 0.10773634910583496], [0.0, 0.0, 0.0, 1.0]], "0015": [[0.9993489384651184, -0.0005241442122496665, 0.03607634827494621, 0.10462141036987305], [0.03608015924692154, 0.01451775711029768, -0.999243438243866, -2.89780592918396], [0.0, 0.9998945593833923, 0.0145272146910429, 0.042128920555114746], [0.0, 0.0, 0.0, 1.0]], "0016": [[0.2627463936805725, 0.019171955063939095, 0.9646744132041931, 2.797555923461914], [0.96486496925354, -0.005220795050263405, -0.26269450783729553, -0.7618141174316406], [4.656613428188905e-10, 0.9998025298118591, -0.0198700912296772, -0.05762326717376709], [0.0, 0.0, 0.0, 1.0]], "0017": [[0.08013641089200974, 0.2471380978822708, -0.9656608700752258, -2.8004164695739746], [-0.996783971786499, 0.019868656992912292, -0.07763426750898361, -0.22513937950134277], [0.0, 0.968776524066925, 0.2479354739189148, 0.7190128564834595], [0.0, 0.0, 0.0, 1.0]], "0018": [[-0.9309813380241394, 0.027072681114077568, -0.36406174302101135, -1.0557790994644165], [-0.3650670051574707, -0.06903982162475586, 0.9284177422523499, 2.6924116611480713], [0.0, 0.997246503829956, 0.07415811717510223, 0.2150585651397705], [0.0, 0.0, 0.0, 1.0]], "0019": [[0.8805821537971497, 0.23258520662784576, -0.4128912091255188, -1.1973847150802612], [-0.47389352321624756, 0.4321865141391754, -0.7672285437583923, -2.2249631881713867], [0.0, 0.8712742924690247, 0.49079629778862, 1.4233094453811646], [0.0, 0.0, 0.0, 1.0]], "0020": [[0.14929994940757751, 0.635317862033844, -0.7576811909675598, -2.197275400161743], [-0.9887920022010803, 0.09592808783054352, -0.11440400779247284, -0.3317716121673584], [0.0, 0.7662695646286011, 0.6425192356109619, 1.8633058071136475], [0.0, 0.0, 0.0, 1.0]], "0021": [[0.9666153788566589, -0.034520816057920456, 0.25389590859413147, 0.7362980842590332], [0.25623196363449097, 0.13022711873054504, -0.9578027725219727, -2.777627944946289], [0.0, 0.9908831119537354, 0.13472487032413483, 0.39070212841033936], [0.0, 0.0, 0.0, 1.0]], "0022": [[-0.6812371015548706, -0.33902183175086975, 0.6488299369812012, 1.8816068172454834], [0.7320629358291626, -0.3154841363430023, 0.6037828326225281, 1.7509702444076538], [-1.4901161193847656e-08, 0.8863036036491394, 0.4631047546863556, 1.343003749847412], [0.0, 0.0, 0.0, 1.0]], "0023": [[-0.6792683005332947, -0.4041692316532135, 0.6125697493553162, 1.7764523029327393], [0.7338899970054626, -0.3740878701210022, 0.5669776201248169, 1.6442351341247559], [0.0, 0.8346888422966003, 0.5507218241691589, 1.5970933437347412], [0.0, 0.0, 0.0, 1.0]], "0024": [[-0.26270073652267456, -0.3312726318836212, 0.906226634979248, 2.6280574798583984], [0.9648774266242981, -0.09019338339567184, 0.24673226475715637, 0.7155236005783081], [0.0, 0.9392143487930298, 0.34333130717277527, 0.9956609010696411], [0.0, 0.0, 0.0, 1.0]], "0025": [[-0.6810734272003174, 0.39348605275154114, -0.6175011992454529, -1.7907533645629883], [-0.732215166091919, -0.3660029470920563, 0.5743716955184937, 1.6656779050827026], [0.0, 0.8433330059051514, 0.5373913645744324, 1.5584349632263184], [0.0, 0.0, 0.0, 1.0]], "0026": [[0.600627601146698, 0.39608195424079895, -0.6945254802703857, -2.0141239166259766], [-0.799528956413269, 0.2975473701953888, -0.5217461585998535, -1.513063907623291], [0.0, 0.8686683773994446, 0.49539411067962646, 1.4366428852081299], [0.0, 0.0, 0.0, 1.0]], "0027": [[0.25723257660865784, -0.001091956626623869, -0.9663488864898682, -2.8024117946624756], [-0.9663494825363159, -0.00029066792922094464, -0.2572324275970459, -0.7459740042686462], [2.9103826987286752e-11, 0.999999463558197, -0.0011299807811155915, -0.0032769441604614258], [0.0, 0.0, 0.0, 1.0]], "0028": [[0.5780346393585205, -0.3867553174495697, 0.7185375690460205, 2.083759069442749], [0.8160123229026794, 0.273963987827301, -0.5089869499206543, -1.476062297821045], [0.0, 0.8805475831031799, 0.47395771741867065, 1.374477505683899], [0.0, 0.0, 0.0, 1.0]], "0029": [[0.07964489609003067, 0.09251473844051361, -0.9925208687782288, -2.8783106803894043], [-0.9968233108520508, 0.007391809020191431, -0.0793011412024498, -0.22997331619262695], [4.656612873077393e-10, 0.9956839084625244, 0.09280956536531448, 0.26914775371551514], [0.0, 0.0, 0.0, 1.0]], "0030": [[-0.857603132724762, 0.10549350827932358, -0.5033767223358154, -1.4597924947738647], [-0.514312207698822, -0.17590786516666412, 0.839368462562561, 2.434168577194214], [0.0, 0.9787377715110779, 0.20511570572853088, 0.5948355197906494], [0.0, 0.0, 0.0, 1.0]], "0031": [[0.9372616410255432, -0.15168651938438416, 0.3138979971408844, 0.9103041887283325], [0.348626971244812, 0.407799631357193, -0.8438950181007385, -2.4472954273223877], [1.4901161193847656e-08, 0.9003836512565613, 0.43509694933891296, 1.261781096458435], [0.0, 0.0, 0.0, 1.0]], "0032": [[0.556926965713501, -0.21630777418613434, 0.801899790763855, 2.325509548187256], [0.8305615186691284, 0.14504361152648926, -0.5377081036567688, -1.5593535900115967], [0.0, 0.9654911756515503, 0.2604355812072754, 0.7552632689476013], [0.0, 0.0, 0.0, 1.0]], "0033": [[0.9903202056884766, 0.08297760784626007, -0.11126814782619476, -0.3226776123046875], [-0.13880158960819244, 0.5920277833938599, -0.7938748598098755, -2.302237033843994], [-7.450580596923828e-09, 0.8016344308853149, 0.5978145003318787, 1.7336620092391968], [0.0, 0.0, 0.0, 1.0]], "0034": [[-0.0995488241314888, -0.2773548662662506, 0.9555963277816772, 2.7712292671203613], [0.9950326681137085, -0.027748186141252518, 0.09560338407754898, 0.277249813079834], [1.862645149230957e-09, 0.9603667259216309, 0.27873945236206055, 0.8083443641662598], [0.0, 0.0, 0.0, 1.0]], "0035": [[-0.7919912338256836, -0.35130783915519714, 0.4993322491645813, 1.4480634927749634], [0.6105325222015381, -0.4557214379310608, 0.6477407813072205, 1.878448247909546], [0.0, 0.8178635835647583, 0.5754122138023376, 1.6686954498291016], [0.0, 0.0, 0.0, 1.0]], "0036": [[-0.4421836733818054, -0.500760018825531, 0.7441189289093018, 2.157944917678833], [0.8969244956970215, -0.2468746304512024, 0.3668505549430847, 1.0638666152954102], [-1.4901161193847656e-08, 0.8296338319778442, 0.5583078265190125, 1.6190927028656006], [0.0, 0.0, 0.0, 1.0]], "0037": [[0.49033403396606445, -0.4038732051849365, 0.7723075747489929, 2.239691972732544], [0.8715345859527588, 0.22722306847572327, -0.43450790643692017, -1.260072946548462], [0.0, 0.8861468434333801, 0.4634046256542206, 1.343873381614685], [0.0, 0.0, 0.0, 1.0]], "0038": [[-0.6729723215103149, 0.25105127692222595, -0.695759654045105, -2.017703056335449], [-0.7396676540374756, -0.2284141480922699, 0.6330235004425049, 1.835768222808838], [1.4901161193847656e-08, 0.9406381845474243, 0.3394109010696411, 0.984291672706604], [0.0, 0.0, 0.0, 1.0]], "0039": [[-0.7865048050880432, -0.3020011782646179, 0.5387073159217834, 1.5622512102127075], [0.617584228515625, -0.38460400700569153, 0.6860535740852356, 1.9895553588867188], [0.0, 0.872281551361084, 0.48900407552719116, 1.418111801147461], [0.0, 0.0, 0.0, 1.0]], "0040": [[-0.9920361042022705, 0.06751959025859833, -0.1063280701637268, -0.30835139751434326], [-0.12595458328723907, -0.5317938923835754, 0.8374549150466919, 2.428619146347046], [-3.725290742551124e-09, 0.8441779017448425, 0.5360630750656128, 1.5545828342437744], [0.0, 0.0, 0.0, 1.0]], "0041": [[-0.9391456842422485, 0.18463946878910065, -0.28967875242233276, -0.8400683403015137], [-0.34351933002471924, -0.504784882068634, 0.7919512391090393, 2.296658515930176], [0.0, 0.8432677984237671, 0.5374937057495117, 1.5587316751480103], [0.0, 0.0, 0.0, 1.0]], "0042": [[-0.9543383121490479, 0.08257992565631866, -0.28708696365356445, -0.8325520753860474], [-0.29872792959213257, -0.2638159394264221, 0.9171492457389832, 2.6597325801849365], [0.0, 0.9610314965248108, 0.2764385938644409, 0.8016718029975891], [0.0, 0.0, 0.0, 1.0]], "0043": [[0.9919320940971375, -0.04263313487172127, 0.11938666552305222, 0.34622132778167725], [0.1267704963684082, 0.3335884213447571, -0.9341562986373901, -2.7090532779693604], [3.725290298461914e-09, 0.9417542815208435, 0.33630168437957764, 0.9752748608589172], [0.0, 0.0, 0.0, 1.0]], "0044": [[-0.7343165278434753, -0.3866758942604065, 0.5579077005386353, 1.6179323196411133], [0.678807258605957, -0.418296217918396, 0.6035304665565491, 1.750238299369812], [0.0, 0.8218941688537598, 0.5696402192115784, 1.6519566774368286], [0.0, 0.0, 0.0, 1.0]], "0045": [[-0.07049460709095001, -0.4379138946533203, 0.8962488174438477, 2.599121570587158], [0.9975122213363647, -0.03094755858182907, 0.0633382797241211, 0.18368101119995117], [0.0, 0.8984841704368591, 0.4390060305595398, 1.2731174230575562], [0.0, 0.0, 0.0, 1.0]], "0046": [[0.992745041847229, 0.01621614210307598, -0.11913982033729553, -0.3455054759979248], [-0.12023834139108658, 0.13388819992542267, -0.9836751222610474, -2.8526577949523926], [0.0, 0.9908637404441833, 0.1348666548728943, 0.39111328125], [0.0, 0.0, 0.0, 1.0]], "0047": [[0.985890805721283, 0.002407484920695424, -0.16737231612205505, -0.485379695892334], [-0.1673896312713623, 0.014179594814777374, -0.9857888221740723, -2.8587875366210938], [0.0, 0.9998966455459595, 0.014382518827915192, 0.041709303855895996], [0.0, 0.0, 0.0, 1.0]], "0048": [[0.2607259750366211, 0.49614036083221436, -0.828170657157898, -2.4016950130462646], [-0.9654128551483154, 0.1339910626411438, -0.22366143763065338, -0.648618221282959], [0.0, 0.8578409552574158, 0.5139152407646179, 1.490354299545288], [0.0, 0.0, 0.0, 1.0]], "0049": [[-0.6001375317573547, -0.05695727467536926, 0.7978664040565491, 2.313812494277954], [0.799896776676178, -0.04273325949907303, 0.5986141562461853, 1.7359809875488281], [0.0, 0.99746173620224, 0.07120576500892639, 0.2064967155456543], [0.0, 0.0, 0.0, 1.0]], "0050": [[-0.9879167079925537, -0.0597955696284771, 0.14298637211322784, 0.4146604537963867], [0.15498584508895874, -0.3811511695384979, 0.9114291667938232, 2.6431446075439453], [-3.725290298461914e-09, 0.9225770235061646, 0.38581305742263794, 1.1188578605651855], [0.0, 0.0, 0.0, 1.0]], "0051": [[-0.5875177979469299, 0.020077994093298912, -0.8089621663093567, -2.3459901809692383], [-0.8092113137245178, -0.014577378518879414, 0.5873369574546814, 1.7032771110534668], [0.0, 0.9996921420097351, 0.02481181174516678, 0.07195425033569336], [0.0, 0.0, 0.0, 1.0]], "0052": [[0.05922820419073105, 0.5458168983459473, -0.835808515548706, -2.423844814300537], [-0.9982445240020752, 0.03238460421562195, -0.04959048703312874, -0.1438124179840088], [1.862645371275562e-09, 0.837278425693512, 0.5467767715454102, 1.5856528282165527], [0.0, 0.0, 0.0, 1.0]], "0053": [[0.9996944665908813, 0.009477385319769382, -0.022831620648503304, -0.06621170043945312], [-0.024720516055822372, 0.3832642436027527, -0.9233078360557556, -2.6775927543640137], [0.0, 0.9235901236534119, 0.3833813965320587, 1.111806035041809], [0.0, 0.0, 0.0, 1.0]], "0054": [[-0.999995768070221, -0.00041108456207439303, 0.0028915239963680506, 0.008385419845581055], [0.002920599887147546, -0.1407528966665268, 0.9900404214859009, 2.871117353439331], [5.820766785236131e-11, 0.9900446534156799, 0.14075347781181335, 0.40818512439727783], [0.0, 0.0, 0.0, 1.0]], "0055": [[-0.43987053632736206, -0.5378219485282898, 0.7192089557647705, 2.0857059955596924], [0.8980612754821777, -0.2634252607822418, 0.35226863622665405, 1.0215790271759033], [0.0, 0.8008462190628052, 0.5988699793815613, 1.7367229461669922], [0.0, 0.0, 0.0, 1.0]], "0056": [[-0.7432777881622314, -0.33640289306640625, 0.5782483220100403, 1.6769202947616577], [0.6689828634262085, -0.37376266717910767, 0.6424666047096252, 1.863153338432312], [1.4901162970204496e-08, 0.8643694519996643, 0.5028572082519531, 1.4582860469818115], [0.0, 0.0, 0.0, 1.0]], "0057": [[-0.866702139377594, -0.011159650981426239, 0.4987013339996338, 1.446233868598938], [0.49882617592811584, -0.01938970573246479, 0.8664851784706116, 2.5128068923950195], [0.0, 0.9997497200965881, 0.022371822968125343, 0.06487828493118286], [0.0, 0.0, 0.0, 1.0]], "0058": [[0.962328314781189, -0.08585886657238007, 0.2579779028892517, 0.7481359243392944], [0.2718903422355652, 0.3038887679576874, -0.9130867123603821, -2.647951364517212], [0.0, 0.9488308429718018, 0.31578493118286133, 0.9157763123512268], [0.0, 0.0, 0.0, 1.0]], "0059": [[-0.6585079431533813, -0.3432874381542206, 0.6697171330451965, 1.9421796798706055], [0.7525737881660461, -0.30037921667099, 0.5860077142715454, 1.6994223594665527], [1.4901161193847656e-08, 0.8899022936820984, 0.45615121722221375, 1.322838544845581], [0.0, 0.0, 0.0, 1.0]], "0060": [[-0.7809277176856995, 0.05246354639530182, -0.622414231300354, -1.8050012588500977], [-0.6246213912963867, -0.06559211015701294, 0.778168261051178, 2.256687879562378], [3.725290298461914e-09, 0.996466338634491, 0.08399256318807602, 0.24357843399047852], [0.0, 0.0, 0.0, 1.0]], "0061": [[0.14833664894104004, -0.28920653462409973, 0.9457038640975952, 2.7425413131713867], [0.9889370203018188, 0.04337983950972557, -0.14185185730457306, -0.4113703966140747], [3.725290742551124e-09, 0.9562833309173584, 0.29244181513786316, 0.8480812907218933], [0.0, 0.0, 0.0, 1.0]], "0062": [[-0.6639682054519653, -0.017882660031318665, 0.747546911239624, 2.167886257171631], [0.7477608323097229, -0.015878763049840927, 0.6637782454490662, 1.924957036972046], [0.0, 0.9997140169143677, 0.023914944380521774, 0.06935334205627441], [0.0, 0.0, 0.0, 1.0]], "0063": [[-0.9731293320655823, -0.12144176661968231, 0.19563038647174835, 0.5673280954360962], [0.23025931417942047, -0.5132411122322083, 0.8267794251441956, 2.397660255432129], [7.450580596923828e-09, 0.8496090173721313, 0.5274130702018738, 1.5294978618621826], [0.0, 0.0, 0.0, 1.0]], "0064": [[-0.549767255783081, 0.4657522737979889, -0.6934196352958679, -2.0109169483184814], [-0.8353179693222046, -0.3065364360809326, 0.45637646317481995, 1.3234916925430298], [-1.4901161193847656e-08, 0.8301266431808472, 0.5575749278068542, 1.6169672012329102], [0.0, 0.0, 0.0, 1.0]], "0065": [[-0.9694472551345825, 0.16220828890800476, -0.18401247262954712, -0.533636212348938], [-0.2453000545501709, -0.6410613059997559, 0.727233350276947, 2.1089768409729004], [0.0, 0.7501526474952698, 0.6612647175788879, 1.9176678657531738], [0.0, 0.0, 0.0, 1.0]], "0066": [[0.8777570724487305, -0.2634240686893463, 0.4001878798007965, 1.1605448722839355], [0.479106068611145, 0.4826120138168335, -0.7331732511520386, -2.126202344894409], [0.0, 0.8352803587913513, 0.5498241782188416, 1.5944901704788208], [0.0, 0.0, 0.0, 1.0]], "0067": [[0.23302678763866425, 0.25497642159461975, -0.938448429107666, -2.7215006351470947], [-0.9724704027175903, 0.061098355799913406, -0.2248743325471878, -0.6521356105804443], [3.725290742551124e-09, 0.9650149941444397, 0.26219457387924194, 0.760364294052124], [0.0, 0.0, 0.0, 1.0]], "0068": [[0.37720000743865967, 0.18489877879619598, -0.9074869751930237, -2.6317121982574463], [-0.9261318445205688, 0.07530657947063446, -0.36960622668266296, -1.0718580484390259], [0.0, 0.9798680543899536, 0.19964627921581268, 0.578974187374115], [0.0, 0.0, 0.0, 1.0]], "0069": [[-0.40598490834236145, -0.20471900701522827, 0.8906550407409668, 2.582899570465088], [0.9138798713684082, -0.09094502776861191, 0.3956674039363861, 1.1474354267120361], [7.450581485102248e-09, 0.9745866060256958, 0.2240108847618103, 0.6496315598487854], [0.0, 0.0, 0.0, 1.0]], "0070": [[-0.5127719640731812, 0.459127813577652, -0.7254422903060913, -2.1037826538085938], [-0.8585248589515686, -0.2742237448692322, 0.433285653591156, 1.256528377532959], [0.0, 0.8449869751930237, 0.5347868800163269, 1.5508819818496704], [0.0, 0.0, 0.0, 1.0]], "0071": [[-0.20832955837249756, -0.17658254504203796, 0.9619861841201782, 2.789759874343872], [0.9780586957931519, -0.037612635642290115, 0.20490606129169464, 0.5942275524139404], [3.725290298461914e-09, 0.98356693983078, 0.180543914437294, 0.5235773324966431], [0.0, 0.0, 0.0, 1.0]], "0072": [[0.694085419178009, 0.2820378243923187, -0.6623443961143494, -1.9207987785339355], [-0.719892680644989, 0.271927148103714, -0.6386001706123352, -1.8519405126571655], [2.980232594040899e-08, 0.9200599193572998, 0.3917776346206665, 1.136155128479004], [0.0, 0.0, 0.0, 1.0]], "0073": [[0.6472615599632263, 0.3941473662853241, -0.6524571776390076, -1.8921258449554443], [-0.76226806640625, 0.3346807658672333, -0.5540183186531067, -1.606653094291687], [0.0, 0.8559419512748718, 0.5170719623565674, 1.4995086193084717], [0.0, 0.0, 0.0, 1.0]], "0074": [[-0.8595045804977417, -0.10050225257873535, 0.5011500120162964, 1.453334927558899], [0.5111282467842102, -0.16900287568569183, 0.8427253365516663, 2.4439034461975098], [0.0, 0.9804781079292297, 0.19662827253341675, 0.5702219605445862], [0.0, 0.0, 0.0, 1.0]], "0075": [[-0.7285811901092529, 0.07759049534797668, -0.6805506944656372, -1.9735969305038452], [-0.6849594712257385, -0.08253185451030731, 0.7238916158676147, 2.09928560256958], [0.0, 0.9935633540153503, 0.11327750980854034, 0.3285047709941864], [0.0, 0.0, 0.0, 1.0]], "0076": [[-0.991388201713562, -0.040616896003484726, 0.12449841946363449, 0.3610454201698303], [0.13095645606517792, -0.3074847459793091, 0.9424985647201538, 2.733245849609375], [0.0, 0.9506857395172119, 0.3101557493209839, 0.8994516730308533], [0.0, 0.0, 0.0, 1.0]], "0077": [[0.9154109954833984, -0.2519656717777252, 0.3139045536518097, 0.9103232026100159], [0.4025205075740814, 0.5730196237564087, -0.7138808369636536, -2.070254325866699], [0.0, 0.779847264289856, 0.6259698271751404, 1.815312385559082], [0.0, 0.0, 0.0, 1.0]], "0078": [[0.8282203674316406, 0.05883367732167244, -0.5573056936264038, -1.616186499595642], [-0.5604026317596436, 0.08695044368505478, -0.8236434459686279, -2.388566017150879], [3.725290298461914e-09, 0.9944738745689392, 0.10498465597629547, 0.3044554889202118], [0.0, 0.0, 0.0, 1.0]], "0079": [[0.4871055483818054, 0.20208163559436798, -0.8496417999267578, -2.463961124420166], [-0.8733431100845337, 0.11271066963672638, -0.4738861918449402, -1.374269962310791], [0.0, 0.9728614091873169, 0.23138858377933502, 0.671026885509491], [0.0, 0.0, 0.0, 1.0]], "0080": [[-0.9947195053100586, 0.06587458401918411, -0.07870057970285416, -0.22823166847229004], [-0.1026315838098526, -0.6384655237197876, 0.7627768516540527, 2.212052822113037], [3.725290298461914e-09, 0.7668261528015137, 0.6418548822402954, 1.8613791465759277], [0.0, 0.0, 0.0, 1.0]], "0081": [[0.572037935256958, 0.007508839480578899, -0.820192813873291, -2.378559112548828], [-0.8202272057533264, 0.005236770026385784, -0.5720139741897583, -1.6588404178619385], [0.0, 0.9999581575393677, 0.00915458519011736, 0.026548296213150024], [0.0, 0.0, 0.0, 1.0]], "0082": [[-0.6495383381843567, -0.4685222804546356, 0.598821222782135, 1.736581563949585], [0.7603289484977722, -0.4002520442008972, 0.5115646123886108, 1.4835373163223267], [0.0, 0.7875818014144897, 0.6162100434303284, 1.7870091199874878], [0.0, 0.0, 0.0, 1.0]], "0083": [[0.8672043681144714, 0.1842905580997467, -0.46259456872940063, -1.3415244817733765], [-0.4979526400566101, 0.3209493160247803, -0.8056268692016602, -2.336318254470825], [-1.4901162970204496e-08, 0.9289933443069458, 0.3700965642929077, 1.0732802152633667], [0.0, 0.0, 0.0, 1.0]], "0084": [[0.22028715908527374, 0.22113633155822754, -0.9500380158424377, -2.755110263824463], [-0.9754351377487183, 0.04994027316570282, -0.21455161273479462, -0.6221996545791626], [3.725290742551124e-09, 0.9739633202552795, 0.22670532763004303, 0.6574454307556152], [0.0, 0.0, 0.0, 1.0]], "0085": [[0.9493710994720459, -0.05116434767842293, 0.30996254086494446, 0.8988913297653198], [0.3141569197177887, 0.1546168476343155, -0.9366958141326904, -2.7164177894592285], [0.0, 0.9866487979888916, 0.1628623753786087, 0.4723008871078491], [0.0, 0.0, 0.0, 1.0]], "0086": [[-0.7355933785438538, -0.0871313065290451, 0.6717965006828308, 1.9482097625732422], [0.677423357963562, -0.09461323171854019, 0.7294833660125732, 2.115501642227173], [0.0, 0.9916936755180359, 0.1286216527223587, 0.3730027675628662], [0.0, 0.0, 0.0, 1.0]], "0087": [[0.45610055327415466, 0.4505382478237152, -0.7674552798271179, -2.2256202697753906], [-0.8899282217025757, 0.2309071123600006, -0.39333149790763855, -1.140661358833313], [0.0, 0.8623788356781006, 0.5062635540962219, 1.4681642055511475], [0.0, 0.0, 0.0, 1.0]], "0088": [[-0.3589436411857605, -0.5140564441680908, 0.7790413498878479, 2.2592198848724365], [0.9333592057228088, -0.19769161939620972, 0.2995973527431488, 0.8688323497772217], [0.0, 0.8346639275550842, 0.550759494304657, 1.5972025394439697], [0.0, 0.0, 0.0, 1.0]], "0089": [[0.9443648457527161, 0.041127756237983704, -0.3263181746006012, -0.9463226795196533], [-0.3288997411727905, 0.11808951199054718, -0.9369524121284485, -2.7171618938446045], [3.725290298461914e-09, 0.9921509027481079, 0.1250464767217636, 0.3626347780227661], [0.0, 0.0, 0.0, 1.0]], "0090": [[-0.7398606538772583, 0.18490366637706757, -0.6468515396118164, -1.8758693933486938], [-0.6727602481842041, -0.20334580540657043, 0.7113679051399231, 2.062966823577881], [-1.4901161193847656e-08, 0.9614890217781067, 0.27484336495399475, 0.7970457673072815], [0.0, 0.0, 0.0, 1.0]], "0091": [[-0.8758371472358704, 0.14578713476657867, -0.46006038784980774, -1.3341751098632812], [-0.48260697722435, -0.26457512378692627, 0.8349195122718811, 2.421266555786133], [-1.4901162970204496e-08, 0.9532817602157593, 0.3020825684070587, 0.876039445400238], [0.0, 0.0, 0.0, 1.0]], "0092": [[-0.0712008848786354, -0.41084301471710205, 0.9089215993881226, 2.6358723640441895], [0.9974619746208191, -0.02932681515812874, 0.06488069146871567, 0.18815398216247559], [-1.8626449271863521e-09, 0.9112343788146973, 0.41188836097717285, 1.1944761276245117], [0.0, 0.0, 0.0, 1.0]], "0093": [[0.6012238264083862, 0.26182737946510315, -0.7549677491188049, -2.189406633377075], [-0.7990806698799133, 0.19699744880199432, -0.5680335164070129, -1.6472973823547363], [-1.4901161193847656e-08, 0.9447954893112183, 0.3276607394218445, 0.9502161741256714], [0.0, 0.0, 0.0, 1.0]], "0094": [[-0.3592067360877991, -0.010379062965512276, -0.9332002401351929, -2.7062809467315674], [-0.9332581162452698, 0.003994854167103767, 0.35918447375297546, 1.0416350364685059], [4.656613428188905e-10, 0.9999381899833679, -0.011121321469545364, -0.032251834869384766], [0.0, 0.0, 0.0, 1.0]], "0095": [[0.9665820002555847, -0.17648637294769287, 0.18593494594097137, 0.5392113924026489], [0.2563576400279999, 0.6654318571090698, -0.7010571956634521, -2.0330660343170166], [0.0, 0.7252951860427856, 0.6884380578994751, 1.9964704513549805], [0.0, 0.0, 0.0, 1.0]], "0096": [[-0.7157926559448242, 0.3734819293022156, -0.5900442004203796, -1.7111282348632812], [-0.6983129382133484, -0.3828306794166565, 0.604813814163208, 1.7539600133895874], [1.4901161193847656e-08, 0.8449568152427673, 0.534834623336792, 1.5510203838348389], [0.0, 0.0, 0.0, 1.0]], "0097": [[0.9630491137504578, -0.16753891110420227, 0.2108723521232605, 0.6115298271179199], [0.2693258821964264, 0.5990816354751587, -0.7540323138237, -2.1866936683654785], [0.0, 0.7829634547233582, 0.6220676898956299, 1.803996205329895], [0.0, 0.0, 0.0, 1.0]], "0098": [[0.947226345539093, 0.20411814749240875, -0.24718011915683746, -0.7168223857879639], [-0.32056546211242676, 0.6031407117843628, -0.7303828001022339, -2.118110179901123], [0.0, 0.7710752487182617, 0.6367440223693848, 1.8465577363967896], [0.0, 0.0, 0.0, 1.0]], "0099": [[0.9539658427238464, 0.05194087699055672, -0.295383483171463, -0.8566121459007263], [-0.2999154329299927, 0.16521263122558594, -0.9395506381988525, -2.7246971130371094], [0.0, 0.9848892688751221, 0.1731850802898407, 0.5022367835044861], [0.0, 0.0, 0.0, 1.0]]}