{"K": [[1111.111111111111, 0, 400.0], [0.0, 1111.111111111111, 400.0], [0.0, 0.0, 1.0]], "0000": [[0.06666616350412369, 0.32446449995040894, -0.9435456395149231, -3.3684580326080322], [-0.9977754354476929, 0.02167903073132038, -0.06304281204938889, -0.22506284713745117], [1.862645371275562e-09, 0.9456493854522705, 0.32518792152404785, 1.1609209775924683], [0.0, 0.0, 0.0, 1.0]], "0001": [[-0.10173822194337845, -0.5645028948783875, 0.8191372752189636, 2.9243199825286865], [0.9948112368583679, -0.05773107334971428, 0.08377224206924438, 0.2990669012069702], [0.0, 0.8234097361564636, 0.5674472451210022, 2.0257866382598877], [0.0, 0.0, 0.0, 1.0]], "0002": [[0.8917761445045471, 0.22788351774215698, -0.390902042388916, -1.3955202102661133], [-0.45247682929039, 0.44913041591644287, -0.7704198360443115, -2.750398635864258], [1.4901159417490817e-08, 0.8639161586761475, 0.5036357641220093, 1.7979795932769775], [0.0, 0.0, 0.0, 1.0]], "0003": [[0.9597563147544861, -0.001293135224841535, -0.2808314561843872, -1.002568244934082], [-0.28083446621894836, -0.004419310484081507, -0.9597460627555847, -3.42629337310791], [0.0, 0.99998939037323, -0.004604617599397898, -0.01643848419189453], [0.0, 0.0, 0.0, 1.0]], "0004": [[-0.4028964340686798, -0.16854164004325867, 0.8995932936668396, 3.211548328399658], [0.9152456521987915, -0.07419300824403763, 0.39600616693496704, 1.4137420654296875], [0.0, 0.9828982949256897, 0.1841491013765335, 0.6574123501777649], [0.0, 0.0, 0.0, 1.0]], "0005": [[0.9259321689605713, -0.09136297553777695, 0.3664730191230774, 1.308308720588684], [0.3776899576187134, 0.22398245334625244, -0.8984331488609314, -3.207406520843506], [0.0, 0.9703012704849243, 0.24189941585063934, 0.8635809421539307], [0.0, 0.0, 0.0, 1.0]], "0006": [[-0.4060881435871124, 0.14098796248435974, -0.9028924703598022, -3.2233259677886963], [-0.9138340353965759, -0.06265201419591904, 0.4012259542942047, 1.4323766231536865], [0.0, 0.9880269169807434, 0.15428180992603302, 0.550786018371582], [0.0, 0.0, 0.0, 1.0]], "0007": [[0.23901255428791046, -0.05014754459261894, -0.9697206020355225, -3.4619028568267822], [-0.9710164666175842, -0.012343654409050941, -0.23869356513023376, -0.8521360754966736], [0.0, 0.9986655116081238, -0.05164438113570213, -0.18437045812606812], [0.0, 0.0, 0.0, 1.0]], "0008": [[0.9127163290977478, 0.1610693484544754, -0.3755071759223938, -1.3405606746673584], [-0.40859389305114746, 0.359796404838562, -0.838807225227356, -2.994541883468628], [0.0, 0.9190229773521423, 0.3942039906978607, 1.4073083400726318], [0.0, 0.0, 0.0, 1.0]], "0009": [[0.7942480444908142, 0.22732627391815186, -0.5634650588035583, -2.0115702152252197], [-0.6075937747955322, 0.2971614599227905, -0.736562967300415, -2.6295297145843506], [-1.4901161193847656e-08, 0.9273715019226074, 0.3741419315338135, 1.3356866836547852], [0.0, 0.0, 0.0, 1.0]], "0010": [[-0.00379554252140224, -0.04714164510369301, -0.9988809823989868, -3.566005229949951], [-0.9999927878379822, 0.0001789294183254242, 0.003791322698816657, 0.013535022735595703], [1.4551915228366852e-11, 0.9988881945610046, -0.04714198037981987, -0.16829687356948853], [0.0, 0.0, 0.0, 1.0]], "0011": [[0.987558126449585, 0.10100354999303818, -0.12052944302558899, -0.4302901029586792], [-0.15725477039813995, 0.6343010663986206, -0.7569234371185303, -2.702216625213623], [0.0, 0.7664596438407898, 0.6422923803329468, 2.2929837703704834], [0.0, 0.0, 0.0, 1.0]], "0012": [[-0.9934111833572388, 0.06492608785629272, -0.09444020688533783, -0.33715152740478516], [-0.11460518836975098, -0.5627869367599487, 0.8186187148094177, 2.922468662261963], [-3.725290298461914e-09, 0.8240482807159424, 0.5665196180343628, 2.022475004196167], [0.0, 0.0, 0.0, 1.0]], "0013": [[0.35298433899879456, -0.5758891105651855, 0.7373966574668884, 2.6325058937072754], [0.9356293082237244, 0.21726536750793457, -0.2781972289085388, -0.9931640625], [0.0, 0.7881290316581726, 0.6155099868774414, 2.1973705291748047], [0.0, 0.0, 0.0, 1.0]], "0014": [[0.14138318598270416, -0.015205577947199345, 0.989838182926178, 3.533722162246704], [0.9899550080299377, 0.002171627013012767, -0.14136649668216705, -0.5046783685684204], [0.0, 0.9998821020126343, 0.015359867364168167, 0.054834723472595215], [0.0, 0.0, 0.0, 1.0]], "0015": [[0.5000996589660645, -0.4251265525817871, 0.7544320821762085, 2.6933224201202393], [0.865967869758606, 0.24551217257976532, -0.4356873333454132, -1.555403709411621], [0.0, 0.8712009787559509, 0.49092647433280945, 1.7526074647903442], [0.0, 0.0, 0.0, 1.0]], "0016": [[0.973163902759552, -0.05100173503160477, 0.22438980638980865, 0.8010716438293457], [0.2301129400730133, 0.21568994224071503, -0.9489603638648987, -3.387788772583008], [0.0, 0.9751290678977966, 0.2216378003358841, 0.7912470102310181], [0.0, 0.0, 0.0, 1.0]], "0017": [[-0.36878907680511475, 0.5540000796318054, -0.7463769316673279, -2.6645655632019043], [-0.9295130968093872, -0.2198023498058319, 0.29612886905670166, 1.0571800470352173], [1.4901161193847656e-08, 0.8029762506484985, 0.5960110425949097, 2.1277592182159424], [0.0, 0.0, 0.0, 1.0]], "0018": [[0.9876781105995178, -0.09284970164299011, 0.12598025798797607, 0.44974955916404724], [0.15649950504302979, 0.585980236530304, -0.7950692176818848, -2.838397264480591], [0.0, 0.8049882650375366, 0.5932906866073608, 2.1180479526519775], [0.0, 0.0, 0.0, 1.0]], "0019": [[-0.46092885732650757, 0.5623671412467957, -0.686504065990448, -2.450819492340088], [-0.887437105178833, -0.29208970069885254, 0.35656556487083435, 1.2729389667510986], [-1.4901161193847656e-08, 0.7735805511474609, 0.633698046207428, 2.2623019218444824], [0.0, 0.0, 0.0, 1.0]], "0020": [[0.3317854106426239, 0.19435036182403564, -0.9231177568435669, -3.295530319213867], [-0.9433549046516418, 0.06835456937551498, -0.3246678411960602, -1.1590641736984253], [7.450580596923828e-09, 0.9785476922988892, 0.20602041482925415, 0.7354928255081177], [0.0, 0.0, 0.0, 1.0]], "0021": [[0.9964262247085571, -0.04300239309668541, 0.07270210236310959, 0.25954651832580566], [0.08446775376796722, 0.5072789192199707, -0.8576323986053467, -3.0617477893829346], [3.725290298461914e-09, 0.8607083559036255, 0.5090983510017395, 1.817481279373169], [0.0, 0.0, 0.0, 1.0]], "0022": [[0.9765177965164185, 0.1347517967224121, -0.1680925339460373, -0.6000903248786926], [-0.2154371291399002, 0.6107932329177856, -0.7619177103042603, -2.720046043395996], [0.0, 0.7802394032478333, 0.6254809498786926, 2.232966899871826], [0.0, 0.0, 0.0, 1.0]], "0023": [[-0.27501919865608215, -0.21888713538646698, 0.9361906051635742, 3.34220027923584], [0.961438775062561, -0.06261257827281952, 0.26779696345329285, 0.9560351371765137], [0.0, 0.9737393260002136, 0.2276662141084671, 0.8127683401107788], [0.0, 0.0, 0.0, 1.0]], "0024": [[0.4721243381500244, 0.5007310509681702, -0.7255115509033203, -2.590076208114624], [-0.8815319538116455, 0.2681778073310852, -0.3885640799999237, -1.3871736526489258], [0.0, 0.823012113571167, 0.5680237412452698, 2.0278446674346924], [0.0, 0.0, 0.0, 1.0]], "0025": [[-0.8117672801017761, 0.011689827777445316, -0.5838640332221985, -2.0843944549560547], [-0.5839810371398926, -0.016249535605311394, 0.8116046786308289, 2.897428512573242], [0.0, 0.9997996091842651, 0.020017478615045547, 0.07146239280700684], [0.0, 0.0, 0.0, 1.0]], "0026": [[-0.9855732917785645, -0.09317349642515182, 0.14129400253295898, 0.5044195652008057], [0.16924920678138733, -0.5425686240196228, 0.8227843046188354, 2.9373397827148438], [0.0, 0.8348280787467957, 0.5505107045173645, 1.9653232097625732], [0.0, 0.0, 0.0, 1.0]], "0027": [[0.992696225643158, 0.013931786641478539, -0.11983402818441391, -0.42780745029449463], [-0.12064116448163986, 0.11463774740695953, -0.9860547184944153, -3.5202152729034424], [-9.31322685637781e-10, 0.9933096170425415, 0.11548121273517609, 0.41226792335510254], [0.0, 0.0, 0.0, 1.0]], "0028": [[0.5477290749549866, -0.5711488127708435, 0.6113770604133606, 2.1826159954071045], [0.8366557359695435, 0.3739110231399536, -0.4002470374107361, -1.4288818836212158], [0.0, 0.7307389974594116, 0.6826569437980652, 2.4370851516723633], [0.0, 0.0, 0.0, 1.0]], "0029": [[0.1570081114768982, 0.49550023674964905, -0.8542996644973755, -3.0498499870300293], [-0.9875974059104919, 0.07877456396818161, -0.13581645488739014, -0.4848647713661194], [0.0, 0.8650283813476562, 0.5017228722572327, 1.7911508083343506], [0.0, 0.0, 0.0, 1.0]], "0030": [[0.3285335898399353, 0.028824247419834137, -0.9440523982048035, -3.370266914367676], [-0.9444923996925354, 0.010026266798377037, -0.3283805549144745, -1.1723185777664185], [-9.31322685637781e-10, 0.9995341897010803, 0.030518246814608574, 0.10895013809204102], [0.0, 0.0, 0.0, 1.0]], "0031": [[0.4023556709289551, -0.21544262766838074, 0.8897720575332642, 3.1764864921569824], [0.9154835343360901, 0.09468718618154526, -0.3910554349422455, -1.3960679769515991], [0.0, 0.971915066242218, 0.23533205687999725, 0.8401355147361755], [0.0, 0.0, 0.0, 1.0]], "0032": [[0.6230400800704956, -0.3992028534412384, 0.6726500988006592, 2.4013609886169434], [0.7821900248527527, 0.31797823309898376, -0.5357879400253296, -1.9127631187438965], [-1.4901162970204496e-08, 0.8599575161933899, 0.5103656053543091, 1.822005271911621], [0.0, 0.0, 0.0, 1.0]], "0033": [[-0.3025996685028076, 0.596203625202179, -0.7436226010322571, -2.6547324657440186], [-0.9531177878379822, -0.18928512930870056, 0.23608830571174622, 0.8428351879119873], [0.0, 0.7802001237869263, 0.625529944896698, 2.2331418991088867], [0.0, 0.0, 0.0, 1.0]], "0034": [[0.33362728357315063, 0.5367937088012695, -0.7749486565589905, -2.766566514968872], [-0.9427050948143005, 0.18997354805469513, -0.2742575705051422, -0.9790995121002197], [1.4901161193847656e-08, 0.822047770023346, 0.5694185495376587, 2.0328240394592285], [0.0, 0.0, 0.0, 1.0]], "0035": [[0.9987554550170898, -0.01224417146295309, 0.048349954187870026, 0.1726093292236328], [0.049876224249601364, 0.24518562853336334, -0.9681923985481262, -3.456446647644043], [0.0, 0.9693987965583801, 0.24549119174480438, 0.8764035105705261], [0.0, 0.0, 0.0, 1.0]], "0036": [[0.8563118577003479, -0.05341741815209389, 0.5136892795562744, 1.8338708877563477], [0.5164592862129211, 0.08856840431690216, -0.8517191410064697, -3.040637493133545], [0.0, 0.9946367144584656, 0.10343007743358612, 0.36924540996551514], [0.0, 0.0, 0.0, 1.0]], "0037": [[-0.9992019534111023, 0.007989639416337013, -0.039135709404945374, -0.13971447944641113], [-0.03994293510913849, -0.19986671209335327, 0.9790085554122925, 3.495060443878174], [-9.31322685637781e-10, 0.979790449142456, 0.20002633333206177, 0.7140939831733704], [0.0, 0.0, 0.0, 1.0]], "0038": [[0.9950122833251953, -0.05105291306972504, 0.0856989249587059, 0.30594515800476074], [0.0997532308101654, 0.5092394351959229, -0.8548243045806885, -3.051722526550293], [-3.725290298461914e-09, 0.8591093420982361, 0.5117921829223633, 1.82709801197052], [0.0, 0.0, 0.0, 1.0]], "0039": [[-0.9572165012359619, -0.16099512577056885, 0.24045196175575256, 0.8584134578704834], [0.2893727123737335, -0.5325560569763184, 0.7953914403915405, 2.8395473957061768], [0.0, 0.8309420943260193, 0.5563589930534363, 1.986201524734497], [0.0, 0.0, 0.0, 1.0]], "0040": [[-0.825040876865387, -0.020458336919546127, 0.5647026896476746, 2.01598858833313], [0.5650731921195984, -0.029870403930544853, 0.8244999647140503, 2.943464756011963], [-1.862645149230957e-09, 0.9993444085121155, 0.03620476275682449, 0.12925100326538086], [0.0, 0.0, 0.0, 1.0]], "0041": [[0.9676558375358582, -0.07910168170928955, 0.23955205082893372, 0.8552007675170898], [0.25227418541908264, 0.3034127354621887, -0.9188571572303772, -3.280319929122925], [7.450580596923828e-09, 0.9495702385902405, 0.31355443596839905, 1.119389295578003], [0.0, 0.0, 0.0, 1.0]], "0042": [[0.9602311849594116, 0.17976142466068268, -0.21363995969295502, -0.7626945972442627], [-0.27920642495155334, 0.6182255148887634, -0.7347387075424194, -2.6230170726776123], [0.0, 0.7651686072349548, 0.6438299417495728, 2.2984728813171387], [0.0, 0.0, 0.0, 1.0]], "0043": [[0.9980760812759399, 0.03146843984723091, -0.05342232063412666, -0.1907176971435547], [-0.06200167164206505, 0.5065653324127197, -0.8599693775177002, -3.0700907707214355], [1.862645371275562e-09, 0.8616270422935486, 0.507541835308075, 1.8119244575500488], [0.0, 0.0, 0.0, 1.0]], "0044": [[-0.9267714619636536, 0.03004443645477295, -0.3744224011898041, -1.3366880416870117], [-0.37562593817710876, -0.07412780821323395, 0.9238020181655884, 3.297973394393921], [0.0, 0.9967960715293884, 0.07998499274253845, 0.2855464518070221], [0.0, 0.0, 0.0, 1.0]], "0045": [[-0.4468497633934021, -0.030042773112654686, 0.8941044807434082, 3.19195294380188], [0.8946090936660767, -0.015006113797426224, 0.446597695350647, 1.5943536758422852], [0.0, 0.9994360208511353, 0.03358200937509537, 0.11988776922225952], [0.0, 0.0, 0.0, 1.0]], "0046": [[-0.7838531136512756, 0.2640726864337921, -0.5619964599609375, -2.0063273906707764], [-0.6209464073181152, -0.3333527445793152, 0.7094374895095825, 2.5326919555664062], [0.0, 0.9050644636154175, 0.425274521112442, 1.5182300806045532], [0.0, 0.0, 0.0, 1.0]], "0047": [[0.966026246547699, 0.12443948537111282, -0.2265133261680603, -0.8086526393890381], [-0.25844433903694153, 0.4651361107826233, -0.8466728329658508, -3.0226221084594727], [-7.450581485102248e-09, 0.8764491677284241, 0.48149430751800537, 1.7189347743988037], [0.0, 0.0, 0.0, 1.0]], "0048": [[-0.1292778104543686, 0.4416240155696869, -0.8878375887870789, -3.1695799827575684], [-0.9916084408760071, -0.05757533386349678, 0.11574901640415192, 0.4132239818572998], [0.0, 0.895350992679596, 0.44536131620407104, 1.589939832687378], [0.0, 0.0, 0.0, 1.0]], "0049": [[-0.47961699962615967, 0.44921034574508667, -0.7537755370140076, -2.690978765487671], [-0.8774779438972473, -0.24553202092647552, 0.4120030403137207, 1.470850944519043], [0.0, 0.8590251207351685, 0.511933445930481, 1.827602505683899], [0.0, 0.0, 0.0, 1.0]], "0050": [[0.5801478624343872, -0.372528076171875, 0.7243282198905945, 2.5858516693115234], [0.814511239528656, 0.2653387188911438, -0.5159136652946472, -1.8418117761611938], [1.4901161193847656e-08, 0.8892796635627747, 0.45736390352249146, 1.6327890157699585], [0.0, 0.0, 0.0, 1.0]], "0051": [[0.8928244113922119, 0.22112789750099182, -0.3923863470554352, -1.4008193016052246], [-0.45040491223335266, 0.4383352994918823, -0.7778158783912659, -2.7768027782440186], [0.0, 0.8711857795715332, 0.4909535050392151, 1.75270414352417], [0.0, 0.0, 0.0, 1.0]], "0052": [[0.7071344256401062, 0.08296812325716019, -0.7021946310997009, -2.5068347454071045], [-0.7070791721343994, 0.08297460526227951, -0.7022494673728943, -2.507030487060547], [3.7252898543727042e-09, 0.9930919408798218, 0.11733923107385635, 0.4189010262489319], [0.0, 0.0, 0.0, 1.0]], "0053": [[0.40155845880508423, 0.5138899087905884, -0.7580686211585999, -2.7063047885894775], [-0.9158334732055664, 0.22532135248184204, -0.33238449692726135, -1.186612606048584], [0.0, 0.8277362585067749, 0.5611172914505005, 2.0031886100769043], [0.0, 0.0, 0.0, 1.0]], "0054": [[0.8449296951293945, -0.36249732971191406, 0.39330604672431946, 1.4041025638580322], [0.5348775386810303, 0.5726259350776672, -0.6212935447692871, -2.218017816543579], [1.4901161193847656e-08, 0.7353198528289795, 0.6777202486991882, 2.419461250305176], [0.0, 0.0, 0.0, 1.0]], "0055": [[-0.6643413305282593, -0.22989240288734436, 0.7111963033676147, 2.538970708847046], [0.7474294304847717, -0.20433637499809265, 0.6321360468864441, 2.256725549697876], [0.0, 0.9515231251716614, 0.3075774013996124, 1.0980513095855713], [0.0, 0.0, 0.0, 1.0]], "0056": [[-0.2736040949821472, -0.05408313870429993, 0.9603207111358643, 3.4283447265625], [0.9618423581123352, -0.015384400263428688, 0.27317124605178833, 0.9752212762832642], [0.0, 0.9984179735183716, 0.05622868612408638, 0.200736403465271], [0.0, 0.0, 0.0, 1.0]], "0057": [[0.9986467361450195, 0.0015016112010926008, 0.051986534148454666, 0.1855919361114502], [0.05200822278857231, -0.028833501040935516, -0.9982302784919739, -3.5636823177337646], [0.0, 0.9995830059051514, -0.028872577473521233, -0.10307510942220688], [0.0, 0.0, 0.0, 1.0]], "0058": [[0.8071212768554688, 0.2782977521419525, -0.5206780433654785, -1.8588206768035889], [-0.5903856754302979, 0.38046321272850037, -0.7118233442306519, -2.5412094593048096], [0.0, 0.8819286227226257, 0.4713829457759857, 1.6828372478485107], [0.0, 0.0, 0.0, 1.0]], "0059": [[-0.6420442461967468, 0.19648344814777374, -0.741062343120575, -2.64559268951416], [-0.7666676640510559, -0.16454467177391052, 0.6206011772155762, 2.2155463695526123], [-7.450581485102248e-09, 0.9666019082069397, 0.2562824487686157, 0.9149283766746521], [0.0, 0.0, 0.0, 1.0]], "0060": [[-0.9818736910820007, -0.001787895685993135, 0.18952828645706177, 0.6766159534454346], [0.1895367056131363, -0.009261992760002613, 0.9818300008773804, 3.5051329135894775], [0.0, 0.9999555945396423, 0.009432977996766567, 0.03367573022842407], [0.0, 0.0, 0.0, 1.0]], "0061": [[-0.40253695845603943, 0.3129398226737976, -0.8602515459060669, -3.0710978507995605], [-0.9154037237167358, -0.1376112401485443, 0.3782844841480255, 1.350475549697876], [0.0, 0.9397509098052979, 0.3418598771095276, 1.2204396724700928], [0.0, 0.0, 0.0, 1.0]], "0062": [[-0.34307098388671875, -0.4400845468044281, 0.8298361301422119, 2.962514877319336], [0.9393095374107361, -0.1607353389263153, 0.3030872046947479, 1.0820212364196777], [0.0, 0.883453369140625, 0.4685191512107849, 1.672613263130188], [0.0, 0.0, 0.0, 1.0]], "0063": [[0.7970213890075684, 0.022935815155506134, 0.6035155057907104, 2.154550552368164], [0.6039512157440186, -0.030267897993326187, -0.7964463233947754, -2.843313455581665], [0.0, 0.9992786049842834, -0.03797627240419388, -0.1355752944946289], [0.0, 0.0, 0.0, 1.0]], "0064": [[0.3849765658378601, 0.1355161964893341, -0.9129229784011841, -3.2591352462768555], [-0.9229263663291931, 0.05652732402086258, -0.3808038830757141, -1.3594698905944824], [0.0, 0.9891613125801086, 0.1468331515789032, 0.5241943597793579], [0.0, 0.0, 0.0, 1.0]], "0065": [[0.5397124290466309, 0.3399955928325653, -0.7701386213302612, -2.749394655227661], [-0.8418495059013367, 0.2179722785949707, -0.4937383830547333, -1.762645959854126], [0.0, 0.9148174524307251, 0.4038674235343933, 1.441806674003601], [0.0, 0.0, 0.0, 1.0]], "0066": [[-0.5420706272125244, 0.47150710225105286, -0.6955865025520325, -2.483243703842163], [-0.8403329849243164, -0.3041534125804901, 0.4486995041370392, 1.6018571853637695], [0.0, 0.8277510404586792, 0.5610955953598022, 2.0031111240386963], [0.0, 0.0, 0.0, 1.0]], "0067": [[-0.5132774710655212, 0.45778563618659973, -0.7259328365325928, -2.591580390930176], [-0.8582228422164917, -0.2737879753112793, 0.4341588318347931, 1.5499471426010132], [-1.4901162970204496e-08, 0.8458560705184937, 0.5334112048149109, 1.9042781591415405], [0.0, 0.0, 0.0, 1.0]], "0068": [[0.19613781571388245, -0.3472755551338196, 0.917022168636322, 3.273768901824951], [0.9805763959884644, 0.0694630891084671, -0.18342550098896027, -0.6548290252685547], [0.0, 0.9351868629455566, 0.3541545271873474, 1.264331579208374], [0.0, 0.0, 0.0, 1.0]], "0069": [[-0.8334006071090698, 0.05899574235081673, -0.5495116114616394, -1.9617564678192139], [-0.5526694655418396, -0.08896292001008987, 0.8286386728286743, 2.958240270614624], [-3.725290742551124e-09, 0.9942861795425415, 0.10674688220024109, 0.3810863792896271], [0.0, 0.0, 0.0, 1.0]], "0070": [[0.8747116327285767, -0.09602899104356766, 0.47503480315208435, 1.6958742141723633], [0.484643816947937, 0.17331835627555847, -0.8573687672615051, -3.0608062744140625], [7.450580596923828e-09, 0.9801730513572693, 0.19814345240592957, 0.7073720693588257], [0.0, 0.0, 0.0, 1.0]], "0071": [[-0.3598780035972595, 0.04655573517084122, -0.9318370819091797, -3.3266584873199463], [-0.9329993724822998, -0.017957553267478943, 0.3594296872615814, 1.2831640243530273], [0.0, 0.9987542629241943, 0.04989900067448616, 0.17813944816589355], [0.0, 0.0, 0.0, 1.0]], "0072": [[-0.9969596266746521, 0.014593949541449547, -0.07654191553592682, -0.2732546329498291], [-0.07792078703641891, -0.18672269582748413, 0.9793176651000977, 3.496163845062256], [0.0, 0.9823042750358582, 0.18729214370250702, 0.6686329245567322], [0.0, 0.0, 0.0, 1.0]], "0073": [[-0.48721030354499817, -0.3854730725288391, 0.7836049199104309, 2.7974693775177], [0.8732846975326538, -0.21505753695964813, 0.43717747926712036, 1.5607235431671143], [-1.4901161193847656e-08, 0.8973074555397034, 0.4414060413837433, 1.575819492340088], [0.0, 0.0, 0.0, 1.0]], "0074": [[0.990667998790741, -0.06569729000329971, 0.11941879987716675, 0.42632508277893066], [0.13629740476608276, 0.4775160551071167, -0.8679870367050171, -3.0987136363983154], [3.725290298461914e-09, 0.8761634230613708, 0.4820142686367035, 1.7207908630371094], [0.0, 0.0, 0.0, 1.0]], "0075": [[-0.9998822212219238, -0.010051979683339596, 0.011603104881942272, 0.04142308235168457], [0.015351688489317894, -0.6547029614448547, 0.755730390548706, 2.6979572772979736], [9.313225746154785e-10, 0.7558193802833557, 0.6547802090644836, 2.3375651836395264], [0.0, 0.0, 0.0, 1.0]], "0076": [[-0.3966960608959198, 0.420072078704834, -0.8161934614181519, -2.9138104915618896], [-0.9179500937461853, -0.18153594434261322, 0.3527214825153351, 1.2592155933380127], [0.0, 0.8891479969024658, 0.4576198160648346, 1.6337026357650757], [0.0, 0.0, 0.0, 1.0]], "0077": [[0.883378267288208, 0.012013029307126999, 0.46850690245628357, 1.672569751739502], [0.4686609208583832, -0.02264333702623844, -0.8830878734588623, -3.1526238918304443], [-9.31322685637781e-10, 0.9996713995933533, -0.025632666423916817, -0.09150862693786621], [0.0, 0.0, 0.0, 1.0]], "0078": [[0.8994958996772766, -0.13503727316856384, 0.41553831100463867, 1.4834718704223633], [0.43692925572395325, 0.27799805998802185, -0.8554589152336121, -3.053988456726074], [-7.450580596923828e-09, 0.951042652130127, 0.30905982851982117, 1.1033436059951782], [0.0, 0.0, 0.0, 1.0]], "0079": [[-0.07566820085048676, -0.575529932975769, 0.8142724633216858, 2.9069528579711914], [0.9971331357955933, -0.0436745211482048, 0.06179168075323105, 0.2205963134765625], [-3.725290742551124e-09, 0.8166136741638184, 0.5771846175193787, 2.060549259185791], [0.0, 0.0, 0.0, 1.0]], "0080": [[-0.7049890756607056, -0.02881750278174877, 0.7086325287818909, 2.529818058013916], [0.7092182636260986, -0.02864566072821617, 0.7044068574905396, 2.5147323608398438], [0.0, 0.999174177646637, 0.04063277319073677, 0.1450589895248413], [0.0, 0.0, 0.0, 1.0]], "0081": [[0.07601860165596008, -0.35425931215286255, 0.9320523142814636, 3.3274266719818115], [0.9971064925193787, 0.02700844407081604, -0.07105892151594162, -0.25368034839630127], [1.862645371275562e-09, 0.9347571134567261, 0.3552873730659485, 1.2683758735656738], [0.0, 0.0, 0.0, 1.0]], "0082": [[0.12925606966018677, 0.003250722074881196, -0.9916058778762817, -3.5400331020355225], [-0.9916112422943115, 0.00042373017640784383, -0.12925538420677185, -0.4614417552947998], [0.0, 0.9999946355819702, 0.0032782219350337982, 0.011703252792358398], [0.0, 0.0, 0.0, 1.0]], "0083": [[0.9209134578704834, -0.03327561169862747, 0.38834428787231445, 1.3863890171051025], [0.3897673189640045, 0.07862116396427155, -0.9175512194633484, -3.2756576538085938], [-1.862645149230957e-09, 0.9963490962982178, 0.08537302166223526, 0.3047816753387451], [0.0, 0.0, 0.0, 1.0]], "0084": [[0.9997338652610779, -0.006595311686396599, 0.022106926888227463, 0.07892173528671265], [0.023069772869348526, 0.28580933809280396, -0.9580087065696716, -3.420091390609741], [0.0, 0.9582637548446655, 0.28588542342185974, 1.020611047744751], [0.0, 0.0, 0.0, 1.0]], "0085": [[-0.17305146157741547, -0.36142048239707947, 0.9162033200263977, 3.270845651626587], [0.9849127531051636, -0.06350242346525192, 0.16097906231880188, 0.5746952295303345], [0.0, 0.9302379488945007, 0.3669568598270416, 1.3100359439849854], [0.0, 0.0, 0.0, 1.0]], "0086": [[-0.5958401560783386, 0.2070007473230362, -0.7759673595428467, -2.7702033519744873], [-0.8031031489372253, -0.15357846021652222, 0.5757074356079102, 2.0552754402160645], [0.0, 0.9662113785743713, 0.2577511668205261, 0.9201716184616089], [0.0, 0.0, 0.0, 1.0]], "0087": [[0.14497774839401245, -0.3622262477874756, 0.9207462668418884, 3.2870640754699707], [0.9894349575042725, 0.05307548865675926, -0.13491307199001312, -0.4816396236419678], [-3.725290298461914e-09, 0.9305778741836548, 0.36609402298927307, 1.3069555759429932], [0.0, 0.0, 0.0, 1.0]], "0088": [[0.9348216652870178, 0.06746067106723785, -0.3486511707305908, -1.2446849346160889], [-0.3551177382469177, 0.17758528888225555, -0.9177988171577454, -3.2765424251556396], [-3.725290742551124e-09, 0.9817905426025391, 0.18996702134609222, 0.6781823635101318], [0.0, 0.0, 0.0, 1.0]], "0089": [[-0.7476863265037537, -0.05028672516345978, 0.6621452569961548, 2.363858699798584], [0.6640520691871643, -0.05662010237574577, 0.7455393671989441, 2.6615757942199707], [0.0, 0.9971285462379456, 0.07572707533836365, 0.27034568786621094], [0.0, 0.0, 0.0, 1.0]], "0090": [[0.4288243353366852, 0.14869840443134308, -0.8910659551620483, -3.181105375289917], [-0.9033879637718201, 0.07058484107255936, -0.4229752719402313, -1.510021686553955], [7.450580596923828e-09, 0.9863603115081787, 0.16460081934928894, 0.5876249074935913], [0.0, 0.0, 0.0, 1.0]], "0091": [[-0.6061494946479797, -0.16487030684947968, 0.7780749201774597, 2.7777273654937744], [0.7953506708145142, -0.1256502866744995, 0.5929833054542542, 2.116950273513794], [-7.4505797087454084e-09, 0.9782790541648865, 0.2072925716638565, 0.7400344610214233], [0.0, 0.0, 0.0, 1.0]], "0092": [[-0.8009225130081177, 0.3802848756313324, -0.4625004827976227, -1.6511268615722656], [-0.5987681746482849, -0.5086755156517029, 0.6186484694480896, 2.2085752487182617], [-1.4901162970204496e-08, 0.7724199891090393, 0.6351120471954346, 2.267350196838379], [0.0, 0.0, 0.0, 1.0]], "0093": [[-0.9057252407073975, 0.002363440813496709, -0.4238588213920593, -1.5131760835647583], [-0.4238654375076294, -0.005050253588706255, 0.9057111144065857, 3.233388900756836], [0.0, 0.9999845027923584, 0.005575922317802906, 0.019906044006347656], [0.0, 0.0, 0.0, 1.0]], "0094": [[0.21429309248924255, -0.12653465569019318, 0.9685388803482056, 3.457683563232422], [0.9767694473266602, 0.027760393917560577, -0.21248739957809448, -0.7585799694061279], [0.0, 0.9915736317634583, 0.12954404950141907, 0.46247223019599915], [0.0, 0.0, 0.0, 1.0]], "0095": [[0.8295708298683167, -0.019050799310207367, 0.5580765008926392, 1.9923332929611206], [0.5584015846252441, 0.028302187100052834, -0.8290877938270569, -2.959843635559082], [0.0, 0.9994178414344788, 0.03411666303873062, 0.12179648876190186], [0.0, 0.0, 0.0, 1.0]], "0096": [[0.6244146227836609, -0.299616277217865, 0.7213435173034668, 2.5751965045928955], [0.7810930609703064, 0.23951663076877594, -0.5766501426696777, -2.058641195297241], [0.0, 0.9235051870346069, 0.3835859000682831, 1.3694016933441162], [0.0, 0.0, 0.0, 1.0]], "0097": [[0.8751956820487976, -0.046223461627960205, 0.4815557897090912, 1.7191542387008667], [0.4837692081928253, 0.08362371474504471, -0.8711913824081421, -3.1101534366607666], [0.0, 0.995424747467041, 0.0955485925078392, 0.341108500957489], [0.0, 0.0, 0.0, 1.0]], "0098": [[0.4838782250881195, -0.591200053691864, 0.6452475786209106, 2.3035337924957275], [0.8751354217529297, 0.3268852233886719, -0.35676905512809753, -1.273665428161621], [-1.4901162970204496e-08, 0.737311601638794, 0.6755527257919312, 2.4117231369018555], [0.0, 0.0, 0.0, 1.0]], "0099": [[0.9973278045654297, -0.0481768399477005, 0.05492115765810013, 0.19606852531433105], [0.07305711507797241, 0.6576786041259766, -0.749747633934021, -2.6765990257263184], [0.0, 0.7517564296722412, 0.659440815448761, 2.354203701019287], [0.0, 0.0, 0.0, 1.0]]}