{"K": [[1111.111111111111, 0, 400.0], [0.0, 1111.111111111111, 400.0], [0.0, 0.0, 1.0]], "0000": [[-0.9564411640167236, -0.2365647256374359, 0.17104846239089966, 0.5302501916885376], [0.2919254004955292, -0.7750617861747742, 0.5604095458984375, 1.737269401550293], [0.0, 0.5859320163726807, 0.8103601932525635, 2.5121164321899414], [0.0, 0.0, 0.0, 1.0]], "0001": [[0.9923819303512573, -0.0651765912771225, 0.1045473963022232, 0.3240969181060791], [0.12319962680339813, 0.5250021815299988, -0.8421369194984436, -2.610624313354492], [3.725290298461914e-09, 0.8486016392707825, 0.5290324687957764, 1.6400004625320435], [0.0, 0.0, 0.0, 1.0]], "0002": [[0.9334368705749512, -0.0736037865281105, 0.35110992193222046, 1.0884406566619873], [0.35874179005622864, 0.19151514768600464, -0.9135789275169373, -2.832094430923462], [0.0, 0.9787259697914124, 0.2051720768213272, 0.6360334157943726], [0.0, 0.0, 0.0, 1.0]], "0003": [[0.7890745401382446, 0.4640437364578247, -0.40252310037612915, -1.2478216886520386], [-0.6142975091934204, 0.5960712432861328, -0.5170470476150513, -1.6028459072113037], [0.0, 0.6552576422691345, 0.7554054856300354, 2.34175705909729], [0.0, 0.0, 0.0, 1.0]], "0004": [[0.056565023958683014, -0.5098140835762024, 0.8584229946136475, 2.6611111164093018], [0.9983989596366882, 0.02888389118015766, -0.04863458499312401, -0.15076720714569092], [0.0, 0.8597995638847351, 0.5106316804885864, 1.5829581022262573], [0.0, 0.0, 0.0, 1.0]], "0005": [[0.1015225499868393, -0.5748558044433594, 0.8119322061538696, 2.5169899463653564], [0.9948332905769348, 0.058663927018642426, -0.08285752683877945, -0.25685834884643555], [-3.725290742551124e-09, 0.8161490559577942, 0.5778414011001587, 1.7913084030151367], [0.0, 0.0, 0.0, 1.0]], "0006": [[-0.1477346271276474, 0.2880197763442993, -0.9461601972579956, -2.9330966472625732], [-0.9890270233154297, -0.043022576719522476, 0.14133144915103912, 0.4381275177001953], [0.0, 0.9566576480865479, 0.2912152409553528, 0.9027673006057739], [0.0, 0.0, 0.0, 1.0]], "0007": [[-0.3284006416797638, 0.39707809686660767, -0.8570192456245422, -2.656759738922119], [-0.9445385932922363, -0.13805757462978363, 0.29797160625457764, 0.9237120151519775], [0.0, 0.907341718673706, 0.42039376497268677, 1.3032207489013672], [0.0, 0.0, 0.0, 1.0]], "0008": [[0.8265345096588135, 0.4849913716316223, -0.2856992185115814, -0.8856675028800964], [-0.5628859996795654, 0.7121551036834717, -0.41951704025268555, -1.3005027770996094], [1.4901159417490817e-08, 0.5075613856315613, 0.8616156578063965, 2.671008348464966], [0.0, 0.0, 0.0, 1.0]], "0009": [[0.9657873511314392, 0.18466682732105255, -0.18207989633083344, -0.5644476413726807], [-0.25933554768562317, 0.6877147555351257, -0.6780807971954346, -2.102050304412842], [0.0, 0.7021015882492065, 0.7120768427848816, 2.2074379920959473], [0.0, 0.0, 0.0, 1.0]], "0010": [[-0.5246356725692749, 0.736801266670227, -0.42647549510002136, -1.3220739364624023], [-0.8513268232345581, -0.45405852794647217, 0.26281827688217163, 0.8147366046905518], [0.0, 0.5009539127349854, 0.8654740452766418, 2.682969331741333], [0.0, 0.0, 0.0, 1.0]], "0011": [[0.7014877796173096, -0.4464544951915741, 0.5555117726325989, 1.7220864295959473], [0.7126815319061279, 0.4394422471523285, -0.5467866063117981, -1.6950383186340332], [0.0, 0.7794670462608337, 0.6264432668685913, 1.9419740438461304], [0.0, 0.0, 0.0, 1.0]], "0012": [[0.9489160776138306, 0.23274067044258118, -0.2130497545003891, -0.660454273223877], [-0.31552883982658386, 0.6999403834342957, -0.6407222747802734, -1.9862391948699951], [0.0, 0.675214946269989, 0.737621009349823, 2.2866251468658447], [0.0, 0.0, 0.0, 1.0]], "0013": [[0.6243719458580017, -0.3336799442768097, 0.7062700986862183, 2.1894371509552], [0.7811272144317627, 0.2667176127433777, -0.564536988735199, -1.7500646114349365], [0.0, 0.9041677713394165, 0.4271774888038635, 1.3242501020431519], [0.0, 0.0, 0.0, 1.0]], "0014": [[-0.9813644886016846, 0.03350726142525673, -0.18921159207820892, -0.5865559577941895], [-0.19215556979179382, -0.1711260974407196, 0.9663291573524475, 2.9956204891204834], [0.0, 0.9846792221069336, 0.17437568306922913, 0.5405646562576294], [0.0, 0.0, 0.0, 1.0]], "0015": [[-0.8305001258850098, 0.33568307757377625, -0.4445068836212158, -1.3779714107513428], [-0.5570183992385864, -0.5004948377609253, 0.6627483367919922, 2.0545198917388916], [0.0, 0.7980111241340637, 0.6026427149772644, 1.8681925535202026], [0.0, 0.0, 0.0, 1.0]], "0016": [[0.8265550136566162, -0.279325932264328, 0.4886551797389984, 1.5148310661315918], [0.5628559589385986, 0.4101906716823578, -0.7175909876823425, -2.224532127380371], [-1.4901161193847656e-08, 0.8681708574295044, 0.49626538157463074, 1.538422703742981], [0.0, 0.0, 0.0, 1.0]], "0017": [[-0.8953952789306641, -0.18505673110485077, 0.4049954414367676, 1.2554858922958374], [0.44527220726013184, -0.37212952971458435, 0.8144029974937439, 2.5246493816375732], [0.0, 0.9095457792282104, 0.4156036376953125, 1.2883713245391846], [0.0, 0.0, 0.0, 1.0]], "0018": [[0.26095280051231384, -0.7604547739028931, 0.5946530103683472, 1.8434242010116577], [0.9653515815734863, 0.20556531846523285, -0.16074596345424652, -0.49831247329711914], [0.0, 0.6159963011741638, 0.7877491116523743, 2.4420220851898193], [0.0, 0.0, 0.0, 1.0]], "0019": [[-0.3609198033809662, -0.45280492305755615, 0.8152942061424255, 2.527411937713623], [0.9325968623161316, -0.17523784935474396, 0.31552305817604065, 0.9781214594841003], [0.0, 0.8742192983627319, 0.4855312407016754, 1.5051467418670654], [0.0, 0.0, 0.0, 1.0]], "0020": [[-0.8489822745323181, 0.10999565571546555, -0.5168462991714478, -1.6022236347198486], [-0.5284214019775391, -0.17672328650951385, 0.8303852677345276, 2.5741944313049316], [-7.450580596923828e-09, 0.9780950546264648, 0.2081589698791504, 0.6452928185462952], [0.0, 0.0, 0.0, 1.0]], "0021": [[-0.10293310880661011, -0.43669748306274414, 0.8937001824378967, 2.77047061920166], [0.9946883916854858, -0.045190662145614624, 0.0924825668334961, 0.2866959571838379], [0.0, 0.8984726667404175, 0.4390294849872589, 1.3609914779663086], [0.0, 0.0, 0.0, 1.0]], "0022": [[-0.5337717533111572, 0.6984339952468872, -0.47673648595809937, -1.477882981300354], [-0.8456286191940308, -0.4408605992794037, 0.3009222447872162, 0.932858943939209], [-1.4901161193847656e-08, 0.563765823841095, 0.8259347677230835, 2.5603976249694824], [0.0, 0.0, 0.0, 1.0]], "0023": [[-0.45718812942504883, 0.6352550983428955, -0.6224387884140015, -1.9295603036880493], [-0.8893700838088989, -0.3265582025051117, 0.31996986269950867, 0.9919066429138184], [0.0, 0.6998648643493652, 0.7142753005027771, 2.2142534255981445], [0.0, 0.0, 0.0, 1.0]], "0024": [[-0.2586563527584076, 0.5134407877922058, -0.8182148337364197, -2.536465883255005], [-0.965969443321228, -0.1374833583831787, 0.21909230947494507, 0.6791861057281494], [7.450580596923828e-09, 0.8470399975776672, 0.5315290689468384, 1.6477400064468384], [0.0, 0.0, 0.0, 1.0]], "0025": [[-0.5484486222267151, -0.5652525424957275, 0.6161927580833435, 1.9101976156234741], [0.8361842632293701, -0.37074607610702515, 0.40415745973587036, 1.2528882026672363], [1.4901162970204496e-08, 0.7369102835655212, 0.6759904623031616, 2.0955705642700195], [0.0, 0.0, 0.0, 1.0]], "0026": [[0.9536449313163757, 0.08042743057012558, -0.2899877727031708, -0.8989620804786682], [-0.3009343445301056, 0.2548702359199524, -0.9189558029174805, -2.8487627506256104], [0.0, 0.9636246562004089, 0.2672590911388397, 0.8285031318664551], [0.0, 0.0, 0.0, 1.0]], "0027": [[0.9642126560211182, 0.19520865380764008, -0.17940905690193176, -0.5561680197715759], [-0.2651301920413971, 0.7099253535270691, -0.6524661779403687, -2.0226449966430664], [-1.4901159417490817e-08, 0.6766828894615173, 0.7362746596336365, 2.2824513912200928], [0.0, 0.0, 0.0, 1.0]], "0028": [[-0.6110481023788452, -0.6522466540336609, 0.4485471546649933, 1.3904962539672852], [0.7915934920310974, -0.5034832954406738, 0.3462432026863098, 1.0733540058135986], [2.9802322387695312e-08, 0.5666382312774658, 0.8239666819572449, 2.5542967319488525], [0.0, 0.0, 0.0, 1.0]], "0029": [[0.8493915796279907, -0.36906522512435913, 0.37725967168807983, 1.169505000114441], [0.5277632474899292, 0.5939801335334778, -0.607168436050415, -1.882222294807434], [0.0, 0.7148274779319763, 0.6993007659912109, 2.167832374572754], [0.0, 0.0, 0.0, 1.0]], "0030": [[-0.2010473906993866, -0.4455496668815613, 0.8723906874656677, 2.704411029815674], [0.9795815944671631, -0.091443732380867, 0.17904774844646454, 0.5550479888916016], [0.0, 0.8905748724937439, 0.45483675599098206, 1.4099938869476318], [0.0, 0.0, 0.0, 1.0]], "0031": [[-0.9608392715454102, -0.21506015956401825, 0.1747482717037201, 0.5417196750640869], [0.2771061360836029, -0.7457007169723511, 0.605923056602478, 1.878361463546753], [0.0, 0.6306184530258179, 0.7760930061340332, 2.405888319015503], [0.0, 0.0, 0.0, 1.0]], "0032": [[0.261362761259079, 0.8091399073600769, -0.5262908339500427, -1.6315016746520996], [-0.9652407169342041, 0.21909460425376892, -0.14250624179840088, -0.4417693614959717], [-7.450581485102248e-09, 0.5452431440353394, 0.8382779359817505, 2.5986616611480713], [0.0, 0.0, 0.0, 1.0]], "0033": [[-0.995686948299408, -0.03855583071708679, 0.08438634127378464, 0.2615976333618164], [0.09277718514204025, -0.4137820601463318, 0.905636191368103, 2.807471990585327], [0.0, 0.9095591306686401, 0.41557446122169495, 1.288280725479126], [0.0, 0.0, 0.0, 1.0]], "0034": [[-0.7512133121490479, 0.3140251338481903, -0.580574631690979, -1.799781322479248], [-0.6600596308708191, -0.35739168524742126, 0.660751461982727, 2.0483295917510986], [1.4901162970204496e-08, 0.8795790672302246, 0.47575265169143677, 1.4748332500457764], [0.0, 0.0, 0.0, 1.0]], "0035": [[0.6063867211341858, 0.546924889087677, -0.5772072672843933, -1.7893426418304443], [-0.7951699495315552, 0.4170781970024109, -0.44017112255096436, -1.3645305633544922], [2.980232594040899e-08, 0.7258917689323425, 0.6878088712692261, 2.1322076320648193], [0.0, 0.0, 0.0, 1.0]], "0036": [[-0.8805168867111206, 0.27760550379753113, -0.38422033190727234, -1.1910829544067383], [-0.4740148186683655, -0.5156722664833069, 0.7137170433998108, 2.2125227451324463], [1.4901161193847656e-08, 0.8105659484863281, 0.5856473445892334, 1.8155065774917603], [0.0, 0.0, 0.0, 1.0]], "0037": [[-0.4989043176174164, -0.2676471173763275, 0.8242933750152588, 2.555309295654297], [0.8666571378707886, -0.15407511591911316, 0.47451698780059814, 1.4710025787353516], [0.0, 0.9511182308197021, 0.3088270127773285, 0.9573637247085571], [0.0, 0.0, 0.0, 1.0]], "0038": [[-0.19696742296218872, 0.7069401741027832, -0.6792933344841003, -2.105809211730957], [-0.980410099029541, -0.14202645421028137, 0.13647212088108063, 0.4230635464191437], [7.450581485102248e-09, 0.6928665041923523, 0.721065878868103, 2.235304117202759], [0.0, 0.0, 0.0, 1.0]], "0039": [[0.19513314962387085, -0.4265460669994354, 0.8831655979156494, 2.7378134727478027], [0.980776846408844, 0.08486463874578476, -0.17571261525154114, -0.5447091460227966], [-7.450581485102248e-09, 0.9004756808280945, 0.43490636348724365, 1.3482097387313843], [0.0, 0.0, 0.0, 1.0]], "0040": [[0.9996472597122192, 0.012589458376169205, -0.02338716946542263, -0.07250022888183594], [-0.026560388505458832, 0.4738265872001648, -0.8802175521850586, -2.7286744117736816], [9.313225746154785e-10, 0.8805282115936279, 0.47399380803108215, 1.4693808555603027], [0.0, 0.0, 0.0, 1.0]], "0041": [[-0.8757220506668091, -0.3013545572757721, 0.37722185254096985, 1.1693878173828125], [0.48281562328338623, -0.5465913414955139, 0.6841980814933777, 2.12101411819458], [0.0, 0.7812960147857666, 0.6241607069969177, 1.9348982572555542], [0.0, 0.0, 0.0, 1.0]], "0042": [[-0.6277498602867126, 0.6071450710296631, -0.4871395230293274, -1.5101324319839478], [-0.7784151434898376, -0.4896297752857208, 0.3928517699241638, 1.2178404331207275], [0.0, 0.6258094310760498, 0.7799760699272156, 2.4179255962371826], [0.0, 0.0, 0.0, 1.0]], "0043": [[-0.09444771707057953, 0.4117744266986847, -0.9063782095909119, -2.809772491455078], [-0.9955298900604248, -0.039065781980752945, 0.08598973602056503, 0.2665681838989258], [0.0, 0.9104481339454651, 0.4136233925819397, 1.2822325229644775], [0.0, 0.0, 0.0, 1.0]], "0044": [[-0.9184391498565674, 0.325653076171875, -0.22454331815242767, -0.6960842609405518], [-0.39556246995925903, -0.7561196088790894, 0.5213572978973389, 1.6162075996398926], [0.0, 0.5676558613777161, 0.8232660293579102, 2.552124500274658], [0.0, 0.0, 0.0, 1.0]], "0045": [[-0.7652629017829895, -0.559187650680542, 0.3188760578632355, 0.9885157346725464], [0.6437179446220398, -0.6647718548774719, 0.37908536195755005, 1.1751645803451538], [-2.9802322387695312e-08, 0.4953661262989044, 0.8686842918395996, 2.6929211616516113], [0.0, 0.0, 0.0, 1.0]], "0046": [[-0.342281311750412, -0.7829863429069519, 0.5193994641304016, 1.6101384162902832], [0.9395976066589355, -0.28523018956184387, 0.189209446310997, 0.5865492820739746], [-1.4901162970204496e-08, 0.5527892708778381, 0.8333210349082947, 2.5832953453063965], [0.0, 0.0, 0.0, 1.0]], "0047": [[-0.8796123266220093, -0.24475997686386108, 0.40789055824279785, 1.264460802078247], [0.4756912589073181, -0.4525916576385498, 0.7542403936386108, 2.3381452560424805], [0.0, 0.8574691414833069, 0.5145354270935059, 1.595059871673584], [0.0, 0.0, 0.0, 1.0]], "0048": [[0.7910661101341248, -0.10764086246490479, 0.6021859049797058, 1.8667762279510498], [0.6117306351661682, 0.13919693231582642, -0.7787231802940369, -2.414041757583618], [7.450580596923828e-09, 0.9843970537185669, 0.1759611964225769, 0.5454796552658081], [0.0, 0.0, 0.0, 1.0]], "0049": [[0.40366560220718384, 0.7496237754821777, -0.5245171785354614, -1.6260032653808594], [-0.9149066209793091, 0.3307412266731262, -0.23142202198505402, -0.717408299446106], [0.0, 0.573301374912262, 0.8193445801734924, 2.539968252182007], [0.0, 0.0, 0.0, 1.0]], "0050": [[0.45870792865753174, 0.7790226936340332, -0.42744678258895874, -1.325084924697876], [-0.8885871171951294, 0.40214839577674866, -0.22065728902816772, -0.6840375661849976], [0.0, 0.48104092478752136, 0.8766981363296509, 2.717764139175415], [0.0, 0.0, 0.0, 1.0]], "0051": [[0.9713220000267029, 0.18087416887283325, -0.1543312668800354, -0.4784269332885742], [-0.23776796460151672, 0.7389013171195984, -0.6304690837860107, -1.9544541835784912], [7.450580596923828e-09, 0.6490834951400757, 0.7607171535491943, 2.3582231998443604], [0.0, 0.0, 0.0, 1.0]], "0052": [[0.9120458364486694, -0.3567202687263489, 0.20229479670524597, 0.6271138191223145], [0.4100884795188904, 0.7933537364006042, -0.4499080777168274, -1.3947149515151978], [0.0, 0.4932956099510193, 0.8698618412017822, 2.6965715885162354], [0.0, 0.0, 0.0, 1.0]], "0053": [[0.010560163296759129, -0.825937807559967, 0.5636622905731201, 1.7473530769348145], [0.999944269657135, 0.008722524158656597, -0.005952697247266769, -0.018453359603881836], [-4.656612873077393e-10, 0.5636937618255615, 0.8259839415550232, 2.5605499744415283], [0.0, 0.0, 0.0, 1.0]], "0054": [[0.3640270531177521, 0.6717513203620911, -0.6451624035835266, -2.0000033378601074], [-0.9313883781433105, 0.26254960894584656, -0.2521575093269348, -0.7816882133483887], [-1.4901161193847656e-08, 0.6926888227462769, 0.721236526966095, 2.235833168029785], [0.0, 0.0, 0.0, 1.0]], "0055": [[-0.6436673402786255, -0.2373918890953064, 0.7275558710098267, 2.255423069000244], [0.7653054594993591, -0.19966067373752594, 0.6119176745414734, 1.8969447612762451], [0.0, 0.9506738185882568, 0.310192346572876, 0.9615962505340576], [0.0, 0.0, 0.0, 1.0]], "0056": [[0.3868520259857178, 0.6878881454467773, -0.614129900932312, -1.9038026332855225], [-0.9221417903900146, 0.28857919573783875, -0.25763651728630066, -0.798673152923584], [0.0, 0.6659820675849915, 0.7459678053855896, 2.3125], [0.0, 0.0, 0.0, 1.0]], "0057": [[0.2883507311344147, -0.8037933111190796, 0.5203558802604675, 1.6131032705307007], [0.9575248956680298, 0.2420557141304016, -0.15670087933540344, -0.4857727289199829], [0.0, 0.5434384346008301, 0.8394489288330078, 2.6022918224334717], [0.0, 0.0, 0.0, 1.0]], "0058": [[-0.9722139835357666, -0.19284088909626007, 0.1327117681503296, 0.4114064574241638], [0.23409403860569, -0.8008858561515808, 0.5511640906333923, 1.708608627319336], [7.450580596923828e-09, 0.5669164657592773, 0.8237752914428711, 2.5537033081054688], [0.0, 0.0, 0.0, 1.0]], "0059": [[0.9422154426574707, 0.061290767043828964, -0.3293534219264984, -1.0209956169128418], [-0.33500784635543823, 0.17238135635852814, -0.926312267780304, -2.871568202972412], [0.0, 0.9831216335296631, 0.18295322358608246, 0.5671550035476685], [0.0, 0.0, 0.0, 1.0]], "0060": [[0.6381860971450806, 0.20295672118663788, -0.742648720741272, -2.302210807800293], [-0.7698821425437927, 0.16823893785476685, -0.6156112551689148, -1.9083948135375977], [-1.4901161193847656e-08, 0.9646264314651489, 0.263620525598526, 0.8172236084938049], [0.0, 0.0, 0.0, 1.0]], "0061": [[-0.9833767414093018, -0.08675426989793777, 0.15951186418533325, 0.49448680877685547], [0.1815773844718933, -0.4698390066623688, 0.8638755679130554, 2.6780142784118652], [7.450580596923828e-09, 0.8784788846969604, 0.4777812957763672, 1.4811220169067383], [0.0, 0.0, 0.0, 1.0]], "0062": [[0.3738851249217987, 0.30228015780448914, -0.8768332600593567, -2.7181832790374756], [-0.927475094795227, 0.12185563147068024, -0.3534703254699707, -1.095758080482483], [7.450581485102248e-09, 0.9453982710838318, 0.3259173035621643, 1.0103436708450317], [0.0, 0.0, 0.0, 1.0]], "0063": [[0.18568812310695648, -0.847743809223175, 0.4968404173851013, 1.5402053594589233], [0.9826087355613708, 0.16020207107067108, -0.0938902348279953, -0.2910597324371338], [0.0, 0.5056339502334595, 0.8627480864524841, 2.6745190620422363], [0.0, 0.0, 0.0, 1.0]], "0064": [[-0.10525160282850266, 0.18703338503837585, -0.9766989350318909, -3.027766704559326], [-0.9944456815719604, -0.01979551650583744, 0.10337329655885696, 0.32045722007751465], [-3.7252898543727042e-09, 0.9821541905403137, 0.18807806074619293, 0.5830420255661011], [0.0, 0.0, 0.0, 1.0]], "0065": [[-0.43067723512649536, 0.7662799954414368, -0.476793497800827, -1.4780597686767578], [-0.9025060534477234, -0.36566996574401855, 0.22752656042575836, 0.7053322792053223], [0.0, 0.5282995104789734, 0.8490581512451172, 2.632080078125], [0.0, 0.0, 0.0, 1.0]], "0066": [[-0.4437836706638336, -0.16996176540851593, 0.879868745803833, 2.727593183517456], [0.8961339592933655, -0.08416850864887238, 0.4357288181781769, 1.3507593870162964], [7.450580596923828e-09, 0.9818496108055115, 0.18966111540794373, 0.5879494547843933], [0.0, 0.0, 0.0, 1.0]], "0067": [[-0.19926998019218445, 0.7780569195747375, -0.5957507491111755, -1.8468272686004639], [-0.9799447059631348, -0.1582164615392685, 0.12114483118057251, 0.37554895877838135], [-7.450580596923828e-09, 0.6079432368278503, 0.7939805388450623, 2.4613394737243652], [0.0, 0.0, 0.0, 1.0]], "0068": [[-0.7894036769866943, 0.3709641396999359, -0.4891088306903839, -1.5162372589111328], [-0.6138744354248047, -0.47703641653060913, 0.6289629936218262, 1.9497852325439453], [-1.4901161193847656e-08, 0.7967570424079895, 0.6042997241020203, 1.8733290433883667], [0.0, 0.0, 0.0, 1.0]], "0069": [[0.06197764724493027, -0.26061543822288513, 0.9634513258934021, 2.986698865890503], [0.9980776309967041, 0.016183441504836082, -0.05982745438814163, -0.18546509742736816], [0.0, 0.9653069972991943, 0.26111745834350586, 0.8094640970230103], [0.0, 0.0, 0.0, 1.0]], "0070": [[-0.5509169101715088, -0.5768605470657349, 0.6030941605567932, 1.8695919513702393], [0.8345601558685303, -0.3808020353317261, 0.39811962842941284, 1.234170913696289], [-2.9802322387695312e-08, 0.7226491570472717, 0.6912149786949158, 2.1427664756774902], [0.0, 0.0, 0.0, 1.0]], "0071": [[0.8021879196166992, -0.20396393537521362, 0.5611535906791687, 1.7395761013031006], [0.5970717668533325, 0.2740330398082733, -0.7539305090904236, -2.337184429168701], [1.4901162970204496e-08, 0.9398428201675415, 0.34160709381103516, 1.0589818954467773], [0.0, 0.0, 0.0, 1.0]], "0072": [[-0.977020800113678, 0.052129875868558884, -0.2066708654165268, -0.6406797170639038], [-0.21314400434494019, -0.23895567655563354, 0.9473488330841064, 2.936781406402588], [3.725290298461914e-09, 0.9696301817893982, 0.2445758432149887, 0.7581851482391357], [0.0, 0.0, 0.0, 1.0]], "0073": [[0.12046048045158386, 0.7375164031982422, -0.6644988656044006, -2.0599465370178223], [-0.9927181601524353, 0.08949325978755951, -0.0806330069899559, -0.24996232986450195], [3.725290298461914e-09, 0.6693732142448425, 0.7429263591766357, 2.3030717372894287], [0.0, 0.0, 0.0, 1.0]], "0074": [[-0.5743851065635681, -0.6227529644966125, 0.5312819480895996, 1.6469738483428955], [0.8185851573944092, -0.4369734525680542, 0.37279003858566284, 1.1556490659713745], [1.4901159417490817e-08, 0.6490246653556824, 0.7607675194740295, 2.3583791255950928], [0.0, 0.0, 0.0, 1.0]], "0075": [[0.22495241463184357, -0.3106957972049713, 0.9235066771507263, 2.862870693206787], [0.9743698239326477, 0.07173022627830505, -0.21320965886116028, -0.6609499454498291], [0.0, 0.9477989077568054, 0.318868488073349, 0.9884923100471497], [0.0, 0.0, 0.0, 1.0]], "0076": [[-0.7061706781387329, -0.47974133491516113, 0.5207411050796509, 1.6142973899841309], [0.7080417275428772, -0.47847357392311096, 0.5193650126457214, 1.6100316047668457], [-1.4901161193847656e-08, 0.7354667782783508, 0.6775608062744141, 2.1004385948181152], [0.0, 0.0, 0.0, 1.0]], "0077": [[0.6957966089248657, -0.4841024875640869, 0.5305769443511963, 1.6447885036468506], [0.7182389497756958, 0.46897605061531067, -0.5139983892440796, -1.5933951139450073], [2.9802322387695312e-08, 0.7387194037437439, 0.6740131378173828, 2.0894408226013184], [0.0, 0.0, 0.0, 1.0]], "0078": [[0.8683357238769531, 0.38876697421073914, -0.30798280239105225, -0.9547467231750488], [-0.495976984500885, 0.6806368827819824, -0.5392033457756042, -1.6715304851531982], [0.0, 0.6209619641304016, 0.7838407158851624, 2.4299063682556152], [0.0, 0.0, 0.0, 1.0]], "0079": [[0.28979986906051636, 0.3874874413013458, -0.8751397728919983, -2.71293306350708], [-0.9570872783660889, 0.1173286885023117, -0.26498666405677795, -0.8214585781097412], [-7.450580596923828e-09, 0.9143781661987305, 0.404861181974411, 1.255069613456726], [0.0, 0.0, 0.0, 1.0]], "0080": [[-0.4504837989807129, -0.1416209489107132, 0.8814805150032043, 2.7325894832611084], [0.892784595489502, -0.07145950943231583, 0.44477999210357666, 1.3788179159164429], [0.0, 0.9873384237289429, 0.15862834453582764, 0.4917478561401367], [0.0, 0.0, 0.0, 1.0]], "0081": [[0.24778011441230774, -0.782954752445221, 0.570602297782898, 1.768867015838623], [0.9688163995742798, 0.2002449780702591, -0.14593467116355896, -0.4523974657058716], [0.0, 0.5889684557914734, 0.8081560730934143, 2.5052835941314697], [0.0, 0.0, 0.0, 1.0]], "0082": [[-0.9931755065917969, -0.01960928738117218, 0.11496993154287338, 0.3564068078994751], [0.11663022637367249, -0.1669847071170807, 0.9790370464324951, 3.0350148677825928], [1.862645371275562e-09, 0.9857643842697144, 0.16813215613365173, 0.521209716796875], [0.0, 0.0, 0.0, 1.0]], "0083": [[0.6854128837585449, -0.6167675256729126, 0.38704898953437805, 1.1998518705368042], [0.7281545996665955, 0.5805640816688538, -0.3643297255039215, -1.1294221878051758], [0.0, 0.5315477252006531, 0.8470282554626465, 2.6257877349853516], [0.0, 0.0, 0.0, 1.0]], "0084": [[-0.5805233120918274, 0.4921576976776123, -0.6486706137657166, -2.0108790397644043], [-0.814243733882904, -0.35088881850242615, 0.46247628331184387, 1.4336764812469482], [0.0, 0.7966541647911072, 0.6044353246688843, 1.8737496137619019], [0.0, 0.0, 0.0, 1.0]], "0085": [[0.0852510929107666, -0.5906296372413635, 0.8024268746376038, 2.487523078918457], [0.9963595867156982, 0.05053579434752464, -0.06865771114826202, -0.21283888816833496], [0.0, 0.8053587675094604, 0.5927877426147461, 1.837641954421997], [0.0, 0.0, 0.0, 1.0]], "0086": [[0.7947835922241211, -0.5222729444503784, 0.3091118633747101, 0.9582467079162598], [0.6068930625915527, 0.6839655637741089, -0.4048110842704773, -1.2549142837524414], [0.0, 0.5093349814414978, 0.8605684041976929, 2.66776180267334], [0.0, 0.0, 0.0, 1.0]], "0087": [[0.9901558756828308, -0.12368199974298477, 0.06553052365779877, 0.2031446099281311], [0.1399696171283722, 0.874936044216156, -0.4635680019855499, -1.4370607137680054], [3.725290742551124e-09, 0.46817678213119507, 0.8836348652839661, 2.7392678260803223], [0.0, 0.0, 0.0, 1.0]], "0088": [[0.8145154118537903, 0.3323062062263489, -0.4755389094352722, -1.4741706848144531], [-0.5801419615745544, 0.466555655002594, -0.6676534414291382, -2.069725751876831], [-1.4901161193847656e-08, 0.8196941018104553, 0.5728015303611755, 1.7756848335266113], [0.0, 0.0, 0.0, 1.0]], "0089": [[-0.6514432430267334, 0.38852807879447937, -0.6516653299331665, -2.020162582397461], [-0.7586973905563354, -0.3336033225059509, 0.5595418810844421, 1.7345798015594482], [1.4901161193847656e-08, 0.85892653465271, 0.5120988488197327, 1.5875064134597778], [0.0, 0.0, 0.0, 1.0]], "0090": [[-0.9909986257553101, 0.1164388656616211, -0.06605855375528336, -0.20478150248527527], [-0.1338721215724945, -0.8619476556777954, 0.4890035092830658, 1.5159107446670532], [-3.725290298461914e-09, 0.49344512820243835, 0.8697769641876221, 2.6963083744049072], [0.0, 0.0, 0.0, 1.0]], "0091": [[0.802501916885376, 0.40435701608657837, -0.4387323558330536, -1.3600703477859497], [-0.5966495871543884, 0.5438657402992249, -0.5901010632514954, -1.8293133974075317], [0.0, 0.7353266477584839, 0.6777127981185913, 2.10090970993042], [0.0, 0.0, 0.0, 1.0]], "0092": [[-0.5631054043769836, -0.7098687291145325, 0.42308250069618225, 1.3115556240081787], [0.8263850212097168, -0.48371025919914246, 0.2882918119430542, 0.8937045335769653], [0.0, 0.5119675993919373, 0.8590047359466553, 2.662914514541626], [0.0, 0.0, 0.0, 1.0]], "0093": [[0.07125165313482285, -0.8847888112068176, 0.46051275730133057, 1.4275894165039062], [0.9974584579467773, 0.06320329755544662, -0.032895900309085846, -0.10197728872299194], [0.0, 0.46168607473373413, 0.8870433568954468, 2.7498342990875244], [0.0, 0.0, 0.0, 1.0]], "0094": [[0.8259729743003845, -0.4063335061073303, 0.390719473361969, 1.2112303972244263], [0.5637097358703613, 0.5953782200813293, -0.5724998116493225, -1.774749517440796], [-1.4901162970204496e-08, 0.6931217312812805, 0.7208204865455627, 2.234543561935425], [0.0, 0.0, 0.0, 1.0]], "0095": [[0.8386508226394653, -0.34084221720695496, 0.4248427748680115, 1.3170125484466553], [0.5446694493293762, 0.5248093605041504, -0.6541486382484436, -2.027860641479492], [0.0, 0.780001163482666, 0.6257781386375427, 1.9399120807647705], [0.0, 0.0, 0.0, 1.0]], "0096": [[0.1871633529663086, -0.8672910332679749, 0.46127671003341675, 1.4299577474594116], [0.9823288321495056, 0.1652451753616333, -0.08788716793060303, -0.27245020866394043], [0.0, 0.4695746600627899, 0.8828928470611572, 2.7369675636291504], [0.0, 0.0, 0.0, 1.0]], "0097": [[-0.9993777871131897, 0.011549701914191246, -0.033329762518405914, -0.10332226753234863], [-0.0352741964161396, -0.32722264528274536, 0.9442886710166931, 2.927294969558716], [0.0, 0.9448766708374023, 0.32742637395858765, 1.015021800994873], [0.0, 0.0, 0.0, 1.0]], "0098": [[-0.23893222212791443, 0.46330952644348145, -0.85337895154953, -2.645474672317505], [-0.9710363745689392, -0.11400147527456284, 0.20998156070709229, 0.6509428024291992], [-7.450582373280668e-09, 0.8788332343101501, 0.4771289527416229, 1.4790996313095093], [0.0, 0.0, 0.0, 1.0]], "0099": [[-0.8470572829246521, -0.15945030748844147, 0.5070203542709351, 1.5717629194259644], [0.5315016508102417, -0.25411689281463623, 0.8080412745475769, 2.50492787361145], [1.4901161193847656e-08, 0.9539392590522766, 0.2999996840953827, 0.9299989938735962], [0.0, 0.0, 0.0, 1.0]]}