{"K": [[1111.111111111111, 0, 400.0], [0.0, 1111.111111111111, 400.0], [0.0, 0.0, 1.0]], "0000": [[0.7555164098739624, 0.26138800382614136, -0.6007255911827087, -1.8622491359710693], [-0.6551296710968018, 0.301440954208374, -0.6927759051322937, -2.1476051807403564], [-1.4901161193847656e-08, 0.9169567227363586, 0.39898669719696045, 1.2368587255477905], [0.0, 0.0, 0.0, 1.0]], "0001": [[0.9709482789039612, 0.2037896364927292, -0.12541694939136505, -0.3887925148010254], [-0.23928984999656677, 0.8269017338752747, -0.5088948607444763, -1.5775740146636963], [-7.450581485102248e-09, 0.5241214036941528, 0.8516435027122498, 2.640094757080078], [0.0, 0.0, 0.0, 1.0]], "0002": [[0.5934798717498779, -0.42987075448036194, 0.6804357767105103, 2.1093509197235107], [0.8048489093780518, 0.3169783055782318, -0.501740038394928, -1.555394172668457], [-1.4901161193847656e-08, 0.8454205989837646, 0.5341011881828308, 1.655713677406311], [0.0, 0.0, 0.0, 1.0]], "0003": [[0.5983912944793701, -0.2420485019683838, 0.7637673020362854, 2.36767840385437], [0.8012040257453918, 0.18077754974365234, -0.570431113243103, -1.768336296081543], [1.4901161193847656e-08, 0.9532743096351624, 0.30210596323013306, 0.9365283846855164], [0.0, 0.0, 0.0, 1.0]], "0004": [[-0.19251136481761932, -0.5455889701843262, 0.8156421780586243, 2.5284905433654785], [0.9812947511672974, -0.10703418403863907, 0.16001348197460175, 0.49604177474975586], [7.450580596923828e-09, 0.8311896920204163, 0.5559889078140259, 1.7235654592514038], [0.0, 0.0, 0.0, 1.0]], "0005": [[0.7039459347724915, 0.5128202438354492, -0.49140164256095886, -1.5233449935913086], [-0.7102535963058472, 0.5082659721374512, -0.4870375692844391, -1.5098164081573486], [0.0, 0.6918677687644958, 0.7220242023468018, 2.2382748126983643], [0.0, 0.0, 0.0, 1.0]], "0006": [[-0.2379118800163269, 0.4089420437812805, -0.8810018301010132, -2.7311058044433594], [-0.9712867736816406, -0.10016833245754242, 0.2157970368862152, 0.6689708232879639], [0.0, 0.9070460796356201, 0.42103123664855957, 1.3051968812942505], [0.0, 0.0, 0.0, 1.0]], "0007": [[0.4760095477104187, 0.6262133121490479, -0.6174721717834473, -1.914163589477539], [-0.8794401288032532, 0.3389468789100647, -0.3342156410217285, -1.0360684394836426], [-1.4901161193847656e-08, 0.7021195888519287, 0.7120590209960938, 2.207382917404175], [0.0, 0.0, 0.0, 1.0]], "0008": [[0.8908356428146362, -0.3813815414905548, 0.24690069258213043, 0.7653921842575073], [0.45432567596435547, 0.7478077411651611, -0.4841195344924927, -1.5007705688476562], [0.0, 0.5434443354606628, 0.8394452333450317, 2.602280378341675], [0.0, 0.0, 0.0, 1.0]], "0009": [[0.7187164425849915, -0.5333589911460876, 0.4460660219192505, 1.3828047513961792], [0.6953033208847046, 0.5513189435005188, -0.4610864818096161, -1.4293681383132935], [-2.9802322387695312e-08, 0.641541600227356, 0.7670882344245911, 2.3779735565185547], [0.0, 0.0, 0.0, 1.0]], "0010": [[0.8844144344329834, 0.1110236793756485, -0.4533044993877411, -1.4052438735961914], [-0.46670252084732056, 0.2103930115699768, -0.8590248227119446, -2.6629767417907715], [0.0, 0.9712921977043152, 0.23788964748382568, 0.7374578714370728], [0.0, 0.0, 0.0, 1.0]], "0011": [[-0.4156418442726135, -0.23800143599510193, 0.8778367042541504, 2.7212936878204346], [0.9095284938812256, -0.10876333713531494, 0.4011591374874115, 1.2435932159423828], [0.0, 0.965155839920044, 0.2616756856441498, 0.8111945390701294], [0.0, 0.0, 0.0, 1.0]], "0012": [[0.9924057126045227, -0.09383029490709305, 0.07954085618257523, 0.24657666683197021], [0.12300761044025421, 0.7570078372955322, -0.6417229175567627, -1.989341139793396], [0.0, 0.6466336250305176, 0.7628006935119629, 2.364682197570801], [0.0, 0.0, 0.0, 1.0]], "0013": [[0.7975623607635498, 0.33867982029914856, -0.4991895854473114, -1.547487735748291], [-0.6032364964485168, 0.4477817118167877, -0.6599978804588318, -2.0459935665130615], [0.0, 0.827518880367279, 0.5614379048347473, 1.740457534790039], [0.0, 0.0, 0.0, 1.0]], "0014": [[0.9562163949012756, 0.11133061349391937, -0.270658016204834, -0.8390398025512695], [-0.2926606833934784, 0.3637528717517853, -0.8843266367912292, -2.741412401199341], [0.0, 0.9248185753822327, 0.38040852546691895, 1.179266333580017], [0.0, 0.0, 0.0, 1.0]], "0015": [[-0.7883301973342896, -0.46136873960494995, 0.4070312976837158, 1.2617969512939453], [0.6152524948120117, -0.5911571979522705, 0.5215339660644531, 1.6167551279067993], [1.4901161193847656e-08, 0.6615678668022156, 0.7498853206634521, 2.3246443271636963], [0.0, 0.0, 0.0, 1.0]], "0016": [[0.9745032787322998, 0.055337924510240555, -0.21744213998317719, -0.6740705966949463], [-0.22437328100204468, 0.24034497141838074, -0.9443998336791992, -2.9276392459869385], [0.0, 0.9691089391708374, 0.24663332104682922, 0.764563262462616], [0.0, 0.0, 0.0, 1.0]], "0017": [[-0.9981809854507446, -0.052969709038734436, 0.028792504221200943, 0.08925676345825195], [0.06028929352760315, -0.8769941329956055, 0.4767037034034729, 1.4777815341949463], [1.862645371275562e-09, 0.4775724411010742, 0.8785923719406128, 2.7236363887786865], [0.0, 0.0, 0.0, 1.0]], "0018": [[0.25293710827827454, -0.616873562335968, 0.7453119158744812, 2.310467004776001], [0.9674828052520752, 0.16127438843250275, -0.19485309720039368, -0.6040446162223816], [0.0, 0.7703619599342346, 0.6376067996025085, 1.97658109664917], [0.0, 0.0, 0.0, 1.0]], "0019": [[0.9545985460281372, 0.24136659502983093, -0.17459622025489807, -0.5412483215332031], [-0.2978954017162323, 0.7734533548355103, -0.5594893097877502, -1.7344169616699219], [0.0, 0.5860990881919861, 0.8102393746376038, 2.511742115020752], [0.0, 0.0, 0.0, 1.0]], "0020": [[-0.4569002389907837, -0.5211182832717896, 0.7208870053291321, 2.2347495555877686], [0.8895180225372314, -0.26767200231552124, 0.3702830374240875, 1.1478773355484009], [1.4901161193847656e-08, 0.8104243278503418, 0.5858433842658997, 1.8161144256591797], [0.0, 0.0, 0.0, 1.0]], "0021": [[-0.998245894908905, 0.05180308222770691, -0.02866414375603199, -0.08885884284973145], [-0.05920466408133507, -0.8734483122825623, 0.4833041727542877, 1.4982428550720215], [-1.8626449271863521e-09, 0.48415350914001465, 0.8749831914901733, 2.7124476432800293], [0.0, 0.0, 0.0, 1.0]], "0022": [[-0.6039226651191711, 0.4967740774154663, -0.6232919692993164, -1.9322052001953125], [-0.797042965888977, -0.3764077425003052, 0.4722708761692047, 1.4640398025512695], [0.0, 0.7820055484771729, 0.6232714056968689, 1.9321414232254028], [0.0, 0.0, 0.0, 1.0]], "0023": [[0.7326614260673523, -0.4748525321483612, 0.48756784200668335, 1.5114601850509644], [0.6805933713912964, 0.5111806392669678, -0.5248686671257019, -1.6270928382873535], [-2.9802322387695312e-08, 0.7163863778114319, 0.6977037787437439, 2.16288161277771], [0.0, 0.0, 0.0, 1.0]], "0024": [[0.07347487658262253, 0.614589512348175, -0.7854178547859192, -2.4347951412200928], [-0.9972970485687256, 0.04527927562594414, -0.05786488577723503, -0.1793811321258545], [0.0, 0.7875464558601379, 0.6162552833557129, 1.9103913307189941], [0.0, 0.0, 0.0, 1.0]], "0025": [[0.8204466104507446, 0.4813521206378937, -0.3084923326969147, -0.9563261270523071], [-0.5717231631278992, 0.6907603740692139, -0.4426994025707245, -1.3723680973052979], [-1.4901161193847656e-08, 0.5395833253860474, 0.8419321775436401, 2.609989643096924], [0.0, 0.0, 0.0, 1.0]], "0026": [[0.20192810893058777, 0.736870288848877, -0.6451723575592041, -2.0000343322753906], [-0.9794003963470459, 0.15192440152168274, -0.13301856815814972, -0.4123575687408447], [-7.450580596923828e-09, 0.6587421894073486, 0.7523687481880188, 2.332343101501465], [0.0, 0.0, 0.0, 1.0]], "0027": [[0.8581030368804932, 0.1359587162733078, -0.4951508641242981, -1.5349675416946411], [-0.5134775042533875, 0.22720877826213837, -0.8274763226509094, -2.565176486968994], [0.0, 0.9643087387084961, 0.26478031277656555, 0.8208189010620117], [0.0, 0.0, 0.0, 1.0]], "0028": [[-0.18475690484046936, 0.7846772074699402, -0.59173184633255, -1.8343687057495117], [-0.9827842712402344, -0.14751408994197845, 0.1112416461110115, 0.3448491096496582], [0.0, 0.6020974516868591, 0.798422634601593, 2.4751102924346924], [0.0, 0.0, 0.0, 1.0]], "0029": [[0.9239923357963562, -0.174003005027771, 0.34053078293800354, 1.05564546585083], [0.3824111223220825, 0.42043086886405945, -0.8227998614311218, -2.5506796836853027], [-1.4901161193847656e-08, 0.890483558177948, 0.45501554012298584, 1.410548210144043], [0.0, 0.0, 0.0, 1.0]], "0030": [[0.8599451780319214, -0.2741908133029938, 0.4304807782173157, 1.3344902992248535], [0.5103864669799805, 0.46198147535324097, -0.7253129482269287, -2.2484700679779053], [0.0, 0.8434408903121948, 0.5372220277786255, 1.6653882265090942], [0.0, 0.0, 0.0, 1.0]], "0031": [[0.700995683670044, -0.18880413472652435, 0.687719464302063, 2.131930351257324], [0.7131655812263489, 0.1855822652578354, -0.6759837865829468, -2.0955498218536377], [0.0, 0.9643195867538452, 0.2647409439086914, 0.8206969499588013], [0.0, 0.0, 0.0, 1.0]], "0032": [[-0.8595760464668274, 0.2688625156879425, -0.4345596730709076, -1.3471349477767944], [-0.5110080242156982, -0.4522586166858673, 0.7309808731079102, 2.266040563583374], [0.0, 0.8503969311714172, 0.5261415839195251, 1.631038784980774], [0.0, 0.0, 0.0, 1.0]], "0033": [[-0.9398847818374634, 0.2735501825809479, -0.2044183909893036, -0.6336970329284668], [-0.3414916694164276, -0.7528899908065796, 0.5626190900802612, 1.7441191673278809], [0.0, 0.5986043214797974, 0.8010448813438416, 2.48323917388916], [0.0, 0.0, 0.0, 1.0]], "0034": [[-0.7564074993133545, -0.2454671710729599, 0.6062948703765869, 1.879514217376709], [0.6541006565093994, -0.28386032581329346, 0.7011245489120483, 2.1734862327575684], [0.0, 0.9269137978553772, 0.37527433037757874, 1.1633504629135132], [0.0, 0.0, 0.0, 1.0]], "0035": [[0.16715019941329956, 0.7712606191635132, -0.6141807436943054, -1.9039602279663086], [-0.9859315156936646, 0.13075590133666992, -0.10412532091140747, -0.3227884769439697], [0.0, 0.622944712638855, 0.7822659611701965, 2.4250242710113525], [0.0, 0.0, 0.0, 1.0]], "0036": [[0.9742721319198608, -0.07220060378313065, 0.21349723637104034, 0.6618413925170898], [0.22537526488304138, 0.3121151626110077, -0.9229247570037842, -2.8610665798187256], [0.0, 0.9472967386245728, 0.3203573226928711, 0.9931076169013977], [0.0, 0.0, 0.0, 1.0]], "0037": [[0.4379274845123291, -0.6939756274223328, 0.571504533290863, 1.7716639041900635], [0.8990103006362915, 0.33805063366889954, -0.27839231491088867, -0.8630161285400391], [1.4901159417490817e-08, 0.6357041001319885, 0.7719328999519348, 2.392991781234741], [0.0, 0.0, 0.0, 1.0]], "0038": [[-0.9301822781562805, -0.2530350387096405, 0.2659592926502228, 0.8244738578796387], [0.3670981824398041, -0.6411600112915039, 0.673908531665802, 2.0891165733337402], [0.0, 0.7244908809661865, 0.6892843246459961, 2.1367814540863037], [0.0, 0.0, 0.0, 1.0]], "0039": [[-0.9998424649238586, -0.015354417264461517, 0.008913163095712662, 0.02763080596923828], [0.017753947526216507, -0.8647090196609497, 0.5019593238830566, 1.5560739040374756], [0.0, 0.5020385980606079, 0.8648452758789062, 2.681020498275757], [0.0, 0.0, 0.0, 1.0]], "0040": [[-0.7354697585105896, 0.35866427421569824, -0.5748427510261536, -1.7820125818252563], [-0.6775575876235962, -0.3893200159072876, 0.6239756941795349, 1.9343247413635254], [0.0, 0.8484042882919312, 0.5293487906455994, 1.6409813165664673], [0.0, 0.0, 0.0, 1.0]], "0041": [[-0.9597082734107971, -0.14672847092151642, 0.23964756727218628, 0.7429074645042419], [0.2809986174106598, -0.5011289119720459, 0.8184800148010254, 2.537288188934326], [0.0, 0.8528426289558411, 0.5221680402755737, 1.6187208890914917], [0.0, 0.0, 0.0, 1.0]], "0042": [[0.16546255350112915, -0.6185047626495361, 0.7681627869606018, 2.3813047409057617], [0.986216127872467, 0.10376971960067749, -0.1288786232471466, -0.3995237350463867], [0.0, 0.778899073600769, 0.6271493434906006, 1.9441629648208618], [0.0, 0.0, 0.0, 1.0]], "0043": [[-0.9416191577911377, 0.1866896003484726, -0.28017911314964294, -0.8685553073883057], [-0.3366798758506775, -0.522129476070404, 0.7835990190505981, 2.429157018661499], [0.0, 0.8321825265884399, 0.5545017719268799, 1.7189555168151855], [0.0, 0.0, 0.0, 1.0]], "0044": [[-0.2725302278995514, 0.4711170792579651, -0.8389135599136353, -2.6006319522857666], [-0.9621472358703613, -0.1334448903799057, 0.23762401938438416, 0.7366344332695007], [7.450581485102248e-09, 0.8719179630279541, 0.48965179920196533, 1.5179204940795898], [0.0, 0.0, 0.0, 1.0]], "0045": [[0.06053099036216736, -0.457236647605896, 0.8872827291488647, 2.7505764961242676], [0.9981663823127747, 0.027727831155061722, -0.053806763142347336, -0.16680097579956055], [-1.862645371275562e-09, 0.8889126777648926, 0.4580766260623932, 1.4200376272201538], [0.0, 0.0, 0.0, 1.0]], "0046": [[-0.2928627133369446, 0.7145410180091858, -0.6353445053100586, -1.9695677757263184], [-0.9561545848846436, -0.21885834634304047, 0.19460108876228333, 0.6032633185386658], [0.0, 0.6644788980484009, 0.7473070621490479, 2.3166518211364746], [0.0, 0.0, 0.0, 1.0]], "0047": [[-0.9158114790916443, -0.3135603070259094, 0.2509368658065796, 0.777904212474823], [0.4016084671020508, -0.7150300145149231, 0.5722261071205139, 1.7739007472991943], [-1.4901159417490817e-08, 0.6248297095298767, 0.7807612419128418, 2.4203596115112305], [0.0, 0.0, 0.0, 1.0]], "0048": [[-0.4654391407966614, -0.17488259077072144, 0.8676304221153259, 2.6896543502807617], [0.8850799202919006, -0.0919659212231636, 0.4562629163265228, 1.4144151210784912], [-7.450580596923828e-09, 0.9802848696708679, 0.19758959114551544, 0.6125277280807495], [0.0, 0.0, 0.0, 1.0]], "0049": [[-0.7095546722412109, 0.1543705016374588, -0.6875332593917847, -2.1313529014587402], [-0.7046504020690918, -0.1554449051618576, 0.6923183798789978, 2.1461868286132812], [-7.450580596923828e-09, 0.9757082462310791, 0.21907392144203186, 0.6791291236877441], [0.0, 0.0, 0.0, 1.0]], "0050": [[-0.996289849281311, -0.060394253581762314, 0.06131152808666229, 0.19006574153900146], [0.08606143295764923, -0.6991538405418396, 0.7097727060317993, 2.2002954483032227], [-3.725290298461914e-09, 0.7124159932136536, 0.7017574310302734, 2.175448179244995], [0.0, 0.0, 0.0, 1.0]], "0051": [[0.9965753555297852, 0.03885836526751518, -0.072991281747818, -0.22627297043800354], [-0.08269038796424866, 0.4683166742324829, -0.8796827793121338, -2.7270166873931885], [-3.725290298461914e-09, 0.8827058672904968, 0.46992599964141846, 1.456770658493042], [0.0, 0.0, 0.0, 1.0]], "0052": [[-0.42048054933547974, -0.7444143295288086, 0.5186938643455505, 1.6079508066177368], [0.9073016047477722, -0.3449919819831848, 0.24038389325141907, 0.7451900243759155], [1.4901161193847656e-08, 0.5716885924339294, 0.8204708099365234, 2.543459415435791], [0.0, 0.0, 0.0, 1.0]], "0053": [[0.966654360294342, -0.0954388678073883, 0.23763597011566162, 0.7366714477539062], [0.2560848295688629, 0.36025723814964294, -0.8970147371292114, -2.780745506286621], [-7.450580596923828e-09, 0.927958071231842, 0.37268462777137756, 1.1553223133087158], [0.0, 0.0, 0.0, 1.0]], "0054": [[-0.050853125751018524, 0.2163430005311966, -0.9749921560287476, -3.0224757194519043], [-0.9987061619758606, -0.011015970259904861, 0.04964562878012657, 0.15390145778656006], [-9.313225746154785e-10, 0.9762552976608276, 0.21662327647209167, 0.671532154083252], [0.0, 0.0, 0.0, 1.0]], "0055": [[-0.9048388004302979, 0.20992489159107208, -0.37040281295776367, -1.1482486724853516], [-0.42575424909591675, -0.4461451470851898, 0.7872025966644287, 2.4403278827667236], [0.0, 0.8699920177459717, 0.49306583404541016, 1.5285040140151978], [0.0, 0.0, 0.0, 1.0]], "0056": [[0.784615159034729, -0.0985209047794342, 0.6121051907539368, 1.8975260257720947], [0.6199831962585449, 0.12468240410089493, -0.774645209312439, -2.401400089263916], [0.0, 0.9872932434082031, 0.15890899300575256, 0.4926178455352783], [0.0, 0.0, 0.0, 1.0]], "0057": [[0.6479463577270508, -0.2644219994544983, 0.7143154740333557, 2.2143778800964355], [0.7616859078407288, 0.22493688762187958, -0.6076495051383972, -1.8837133646011353], [0.0, 0.9378083348274231, 0.34715357422828674, 1.0761760473251343], [0.0, 0.0, 0.0, 1.0]], "0058": [[0.6078722476959229, 0.5099756121635437, -0.6086183190345764, -1.886716604232788], [-0.7940348386764526, 0.3904111087322235, -0.465926855802536, -1.4443731307983398], [1.4901161193847656e-08, 0.7664880752563477, 0.6422585248947144, 1.9910013675689697], [0.0, 0.0, 0.0, 1.0]], "0059": [[-0.9882676005363464, -0.08281601220369339, 0.128330260515213, 0.3978238105773926], [0.15273228287696838, -0.5358682870864868, 0.8303722143173218, 2.5741539001464844], [0.0, 0.8402301669120789, 0.542229950428009, 1.6809128522872925], [0.0, 0.0, 0.0, 1.0]], "0060": [[0.07278086245059967, 0.6672719120979309, -0.7412497401237488, -2.2978742122650146], [-0.9973479509353638, 0.048693761229515076, -0.054092250764369965, -0.16768598556518555], [-3.725290298461914e-09, 0.7432207465171814, 0.6690462827682495, 2.0740435123443604], [0.0, 0.0, 0.0, 1.0]], "0061": [[-0.8882651925086975, -0.15136559307575226, 0.43367427587509155, 1.3443902730941772], [0.4593309760093689, -0.2927144169807434, 0.8386496901512146, 2.5998141765594482], [0.0, 0.9441434144973755, 0.32953494787216187, 1.021558403968811], [0.0, 0.0, 0.0, 1.0]], "0062": [[0.12161479145288467, -0.3819274306297302, 0.9161556959152222, 2.8400824069976807], [0.9925774335861206, 0.04679537191987038, -0.11225128173828125, -0.34797894954681396], [-3.725290298461914e-09, 0.9230068922042847, 0.384783536195755, 1.192828893661499], [0.0, 0.0, 0.0, 1.0]], "0063": [[-0.9650388956069946, -0.1167915016412735, 0.23464812338352203, 0.7274091243743896], [0.26210683584213257, -0.430009126663208, 0.8639399409294128, 2.678213596343994], [-7.450580596923828e-09, 0.89523845911026, 0.4455874264240265, 1.3813209533691406], [0.0, 0.0, 0.0, 1.0]], "0064": [[-0.2841854393482208, 0.7790517210960388, -0.5588535070419312, -1.7324458360671997], [-0.9587693810462952, -0.23091596364974976, 0.16564780473709106, 0.513508141040802], [1.4901159417490817e-08, 0.582886278629303, 0.8125538229942322, 2.518916606903076], [0.0, 0.0, 0.0, 1.0]], "0065": [[-0.423768013715744, -0.5183793902397156, 0.7427674531936646, 2.302579164505005], [0.9057707786560059, -0.2425256073474884, 0.3475063443183899, 1.0772696733474731], [0.0, 0.8200390934944153, 0.5723074674606323, 1.7741531133651733], [0.0, 0.0, 0.0, 1.0]], "0066": [[-0.09808307886123657, -0.8849977254867554, 0.45514675974845886, 1.4109549522399902], [0.99517822265625, -0.08722387254238129, 0.04485849291086197, 0.1390613317489624], [0.0, 0.4573519825935364, 0.8892857432365417, 2.7567858695983887], [0.0, 0.0, 0.0, 1.0]], "0067": [[-0.15549856424331665, -0.6048992872238159, 0.7809719443321228, 2.421013116836548], [0.9878361225128174, -0.0952192023396492, 0.12293539196252823, 0.38109973073005676], [-7.4505797087454084e-09, 0.7905885577201843, 0.6123477816581726, 1.8982781171798706], [0.0, 0.0, 0.0, 1.0]], "0068": [[0.9919826984405518, -0.03899233043193817, 0.12020830810070038, 0.3726457357406616], [0.12637419998645782, 0.3060728907585144, -0.9435831308364868, -2.925107479095459], [0.0, 0.9512091875076294, 0.30854666233062744, 0.9564946293830872], [0.0, 0.0, 0.0, 1.0]], "0069": [[0.9971631169319153, -0.05062586069107056, 0.05570342391729355, 0.17268061637878418], [0.075271837413311, 0.6706656813621521, -0.7379306554794312, -2.2875850200653076], [0.0, 0.74003005027771, 0.6725738048553467, 2.0849788188934326], [0.0, 0.0, 0.0, 1.0]], "0070": [[0.8062310814857483, -0.14154456555843353, 0.5744185447692871, 1.7806975841522217], [0.5916008353233337, 0.19289632141590118, -0.7828150987625122, -2.426726818084717], [0.0, 0.9709562659263611, 0.23925688862800598, 0.7416963577270508], [0.0, 0.0, 0.0, 1.0]], "0071": [[0.322050541639328, -0.5131024122238159, 0.7956188321113586, 2.466418504714966], [0.9467225074768066, 0.17454420030117035, -0.2706489861011505, -0.8390119075775146], [-1.4901162970204496e-08, 0.8403928279876709, 0.5419776439666748, 1.6801307201385498], [0.0, 0.0, 0.0, 1.0]], "0072": [[-0.9451056718826294, -0.17888827621936798, 0.27344900369644165, 0.8476918935775757], [0.3267650008201599, -0.517400324344635, 0.7908992171287537, 2.4517874717712402], [1.4901161193847656e-08, 0.8368368148803711, 0.5474523901939392, 1.6971023082733154], [0.0, 0.0, 0.0, 1.0]], "0073": [[-0.9365225434303284, -0.2135700136423111, 0.27805283665657043, 0.8619637489318848], [0.35060739517211914, -0.5704761147499084, 0.7427189946174622, 2.302428722381592], [0.0, 0.7930604219436646, 0.6091429591178894, 1.888343095779419], [0.0, 0.0, 0.0, 1.0]], "0074": [[-0.33873847126960754, 0.2204185277223587, -0.9146977663040161, -2.8355629444122314], [-0.940880537033081, -0.07935568690299988, 0.3293120265007019, 1.0208672285079956], [0.0, 0.9721720814704895, 0.23426833748817444, 0.7262318134307861], [0.0, 0.0, 0.0, 1.0]], "0075": [[-0.155265673995018, 0.16690412163734436, -0.9736712574958801, -3.018380641937256], [-0.987872838973999, -0.026232609525322914, 0.15303358435630798, 0.47440409660339355], [-1.862645149230957e-09, 0.9856241345405579, 0.1689530611038208, 0.5237544775009155], [0.0, 0.0, 0.0, 1.0]], "0076": [[0.7139413356781006, 0.5116344094276428, -0.4780355989933014, -1.481910228729248], [-0.7002055048942566, 0.5216710567474365, -0.4874131381511688, -1.5109806060791016], [0.0, 0.6827075481414795, 0.7306917905807495, 2.2651443481445312], [0.0, 0.0, 0.0, 1.0]], "0077": [[-0.8073365688323975, -0.46388760209083557, 0.3647136390209198, 1.1306122541427612], [0.590091347694397, -0.6346702575683594, 0.4989849328994751, 1.5468531847000122], [-2.9802322387695312e-08, 0.6180630922317505, 0.786128580570221, 2.4369983673095703], [0.0, 0.0, 0.0, 1.0]], "0078": [[0.7921788692474365, 0.5359299182891846, -0.2919447124004364, -0.9050285816192627], [-0.6102889776229858, 0.6956579089164734, -0.378955602645874, -1.17476224899292], [0.0, 0.47837135195732117, 0.8781577348709106, 2.7222888469696045], [0.0, 0.0, 0.0, 1.0]], "0079": [[-0.7283774018287659, -0.18833689391613007, 0.6587834358215332, 2.0422286987304688], [0.6851761937141418, -0.2002117782831192, 0.7003205418586731, 2.1709938049316406], [0.0, 0.9614803791046143, 0.27487367391586304, 0.8521084189414978], [0.0, 0.0, 0.0, 1.0]], "0080": [[-0.8189776539802551, -0.303306519985199, 0.4871147871017456, 1.5100557804107666], [0.573825478553772, -0.43288642168045044, 0.6952220797538757, 2.1551883220672607], [-1.4901161193847656e-08, 0.8488901257514954, 0.5285693407058716, 1.6385648250579834], [0.0, 0.0, 0.0, 1.0]], "0081": [[0.6654360294342041, -0.6109471917152405, 0.42888036370277405, 1.329529047012329], [0.7464548945426941, 0.5446361303329468, -0.3823304772377014, -1.1852244138717651], [-1.4901159417490817e-08, 0.5745563507080078, 0.8184651136398315, 2.5372416973114014], [0.0, 0.0, 0.0, 1.0]], "0082": [[0.6709281206130981, -0.26643306016921997, 0.6920035481452942, 2.1452109813690186], [0.7415224313735962, 0.24106813967227936, -0.6261235475540161, -1.9409830570220947], [1.4901161193847656e-08, 0.9332200288772583, 0.3593054413795471, 1.1138468980789185], [0.0, 0.0, 0.0, 1.0]], "0083": [[0.9691588878631592, 0.12123405933380127, -0.21455374360084534, -0.665116548538208], [-0.24643659591674805, 0.47677603363990784, -0.8437734842300415, -2.6156976222991943], [-7.4505797087454084e-09, 0.8706244826316833, 0.49194827675819397, 1.525039553642273], [0.0, 0.0, 0.0, 1.0]], "0084": [[-0.7674018740653992, 0.18430711328983307, -0.6141052842140198, -1.9037264585494995], [-0.6411664485931396, -0.22059422731399536, 0.7350127696990967, 2.2785396575927734], [0.0, 0.9577938914299011, 0.2874559164047241, 0.8911134004592896], [0.0, 0.0, 0.0, 1.0]], "0085": [[-0.3123732805252075, 0.7248578071594238, -0.6140066385269165, -1.9034204483032227], [-0.9499594569206238, -0.23835356533527374, 0.2019025981426239, 0.625898003578186], [1.4901161193847656e-08, 0.6463503241539001, 0.7630407810211182, 2.3654263019561768], [0.0, 0.0, 0.0, 1.0]], "0086": [[-0.9974197149276733, 0.0351138710975647, -0.06261871755123138, -0.19411802291870117], [-0.07179198414087296, -0.48784369230270386, 0.8699738383293152, 2.6969187259674072], [3.725290742551124e-09, 0.8722243905067444, 0.48910585045814514, 1.5162280797958374], [0.0, 0.0, 0.0, 1.0]], "0087": [[-0.5849446654319763, 0.5564383268356323, -0.5900984406471252, -1.8293051719665527], [-0.8110733032226562, -0.40130236744880676, 0.42557796835899353, 1.3192917108535767], [0.0, 0.7275525331497192, 0.6860519051551819, 2.126760959625244], [0.0, 0.0, 0.0, 1.0]], "0088": [[0.9676998853683472, -0.06372075527906418, 0.2439195215702057, 0.756150484085083], [0.2521052658557892, 0.24459056556224823, -0.9362790584564209, -2.9024648666381836], [-3.725290298461914e-09, 0.9675304293632507, 0.2527545988559723, 0.7835392355918884], [0.0, 0.0, 0.0, 1.0]], "0089": [[0.9381057620048523, 0.24499930441379547, -0.24481230974197388, -0.7589181661605835], [-0.34634914994239807, 0.6635940670967102, -0.6630876064300537, -2.0555715560913086], [-1.4901162970204496e-08, 0.7068367600440979, 0.7073766589164734, 2.1928677558898926], [0.0, 0.0, 0.0, 1.0]], "0090": [[-0.9192065000534058, -0.06736607849597931, 0.38797062635421753, 1.2027088403701782], [0.3937757909297943, -0.15725532174110413, 0.9056552648544312, 2.8075311183929443], [3.725290298461914e-09, 0.9852575659751892, 0.17107726633548737, 0.5303394794464111], [0.0, 0.0, 0.0, 1.0]], "0091": [[0.8116967082023621, 0.17213499546051025, -0.5581381320953369, -1.7302281856536865], [-0.5840793251991272, 0.23921647667884827, -0.7756460905075073, -2.4045028686523438], [0.0, 0.9555861949920654, 0.294711709022522, 0.9136062860488892], [0.0, 0.0, 0.0, 1.0]], "0092": [[-0.8132494688034058, -0.46107494831085205, 0.3550145626068115, 1.100545048713684], [0.5819153785705566, -0.6443702578544617, 0.4961467385292053, 1.5380548238754272], [-1.4901162970204496e-08, 0.6100793480873108, 0.7923402786254883, 2.456254720687866], [0.0, 0.0, 0.0, 1.0]], "0093": [[0.9126617312431335, -0.19163240492343903, 0.36100631952285767, 1.1191195249557495], [0.40871569514274597, 0.42791494727134705, -0.8061267733573914, -2.498992919921875], [1.4901159417490817e-08, 0.8832700252532959, 0.4688647389411926, 1.45348060131073], [0.0, 0.0, 0.0, 1.0]], "0094": [[-0.31490829586982727, -0.21018630266189575, 0.9255563616752625, 2.8692245483398438], [0.9491221904754639, -0.0697375014424324, 0.3070893883705139, 0.951977014541626], [7.450581485102248e-09, 0.975170910358429, 0.22145341336727142, 0.6865055561065674], [0.0, 0.0, 0.0, 1.0]], "0095": [[0.12523308396339417, -0.8415061235427856, 0.5255323648452759, 1.629150390625], [0.9921274185180664, 0.10622064024209976, -0.06633627414703369, -0.2056424617767334], [-3.725290298461914e-09, 0.5297025442123413, 0.8481834530830383, 2.629368782043457], [0.0, 0.0, 0.0, 1.0]], "0096": [[-0.8380329608917236, -0.42824527621269226, 0.3380928337574005, 1.0480878353118896], [0.5456196665763855, -0.6577542424201965, 0.5192865133285522, 1.609788179397583], [0.0, 0.6196492314338684, 0.7848787903785706, 2.433124303817749], [0.0, 0.0, 0.0, 1.0]], "0097": [[0.7351784706115723, 0.43974369764328003, -0.5158857107162476, -1.5992456674575806], [-0.6778735518455505, 0.4769180119037628, -0.5594967603683472, -1.7344400882720947], [1.4901161193847656e-08, 0.7610352635383606, 0.6487104892730713, 2.011002540588379], [0.0, 0.0, 0.0, 1.0]], "0098": [[-0.23379746079444885, 0.25057104229927063, -0.9394429326057434, -2.9122729301452637], [-0.9722853899002075, -0.060252755880355835, 0.2259000986814499, 0.7002902626991272], [0.0, 0.9662213921546936, 0.2577134966850281, 0.7989117503166199], [0.0, 0.0, 0.0, 1.0]], "0099": [[-0.8745027780532837, -0.2909693419933319, 0.3880486488342285, 1.2029507160186768], [0.4850205183029175, -0.5246241688728333, 0.6996603608131409, 2.1689469814300537], [-1.4901161193847656e-08, 0.8000664114952087, 0.5999114513397217, 1.8597253561019897], [0.0, 0.0, 0.0, 1.0]]}