{"K": [[1111.111111111111, 0, 400.0], [0.0, 1111.111111111111, 400.0], [0.0, 0.0, 1.0]], "0000": [[-0.5355286598205566, 0.24373479187488556, -0.8085805177688599, -2.344883441925049], [-0.8445171117782593, -0.15455810725688934, 0.5127403736114502, 1.4869470596313477], [0.0, 0.9574472308158875, 0.28860846161842346, 0.8369645476341248], [0.0, 0.0, 0.0, 1.0]], "0001": [[0.17112722992897034, -0.16187098622322083, 0.9718606472015381, 2.8183960914611816], [0.9852489233016968, 0.02811526320874691, -0.16880182921886444, -0.48952531814575195], [0.0, 0.9864112734794617, 0.1642945110797882, 0.47645410895347595], [0.0, 0.0, 0.0, 1.0]], "0002": [[0.3788963258266449, -0.37216874957084656, 0.8473063111305237, 2.457188606262207], [0.9254392385482788, 0.1523745208978653, -0.3469068706035614, -1.0060300827026367], [0.0, 0.9155722260475159, 0.4021536409854889, 1.166245698928833], [0.0, 0.0, 0.0, 1.0]], "0003": [[0.960709810256958, 0.0257987380027771, -0.2763533294200897, -0.8014246225357056], [-0.2775549292564392, 0.08929800242185593, -0.956550657749176, -2.7739968299865723], [0.0, 0.9956707954406738, 0.09295003116130829, 0.26955509185791016], [0.0, 0.0, 0.0, 1.0]], "0004": [[0.06254589557647705, 0.4868786036968231, -0.8712274432182312, -2.526559591293335], [-0.998042106628418, 0.030511995777487755, -0.054598595947027206, -0.15833592414855957], [0.0, 0.8729365468025208, 0.48783373832702637, 1.4147177934646606], [0.0, 0.0, 0.0, 1.0]], "0005": [[-0.5726930499076843, 0.009501352906227112, 0.8197148442268372, 2.3771729469299316], [0.8197699785232544, 0.006637665443122387, 0.5726545453071594, 1.6606981754302979], [0.0, 0.9999328851699829, -0.011590267531573772, -0.03361177444458008], [0.0, 0.0, 0.0, 1.0]], "0006": [[-0.8664772510528564, 0.321637898683548, -0.38179340958595276, -1.1072008609771729], [-0.4992164969444275, -0.5582586526870728, 0.6626690030097961, 1.9217400550842285], [-1.4901159417490817e-08, 0.7647852301597595, 0.6442853808403015, 1.8684275150299072], [0.0, 0.0, 0.0, 1.0]], "0007": [[-0.9866329431533813, 0.049699656665325165, -0.15519507229328156, -0.4500657021999359], [-0.1629588007926941, -0.3009062111377716, 0.9396275281906128, 2.7249197959899902], [3.725290742551124e-09, 0.9523577690124512, 0.304982990026474, 0.8844506740570068], [0.0, 0.0, 0.0, 1.0]], "0008": [[0.44251495599746704, 0.16756489872932434, -0.8809667825698853, -2.5548038482666016], [-0.8967611789703369, 0.0826864242553711, -0.43472105264663696, -1.2606911659240723], [0.0, 0.982387363910675, 0.18685567378997803, 0.5418815016746521], [0.0, 0.0, 0.0, 1.0]], "0009": [[0.9971511363983154, -0.04574887454509735, 0.059973206371068954, 0.17392230033874512], [0.07543040066957474, 0.6047766208648682, -0.7928149700164795, -2.299163341522217], [-3.725290298461914e-09, 0.7950801253318787, 0.606504499912262, 1.758863091468811], [0.0, 0.0, 0.0, 1.0]], "0010": [[0.9640969634056091, -0.12491186708211899, 0.23433749377727509, 0.6795787215232849], [0.2655504643917084, 0.45350006222724915, -0.8507764339447021, -2.4672515392303467], [0.0, 0.8824594020843506, 0.4703884422779083, 1.364126443862915], [0.0, 0.0, 0.0, 1.0]], "0011": [[-0.27118346095085144, -0.5491215586662292, 0.790522038936615, 2.292513847351074], [0.9625277519226074, -0.15471002459526062, 0.22272242605686188, 0.6458950042724609], [0.0, 0.8212979435920715, 0.5704995393753052, 1.6544486284255981], [0.0, 0.0, 0.0, 1.0]], "0012": [[0.5403812527656555, -0.5019112229347229, 0.6753320097923279, 1.9584627151489258], [0.8414204120635986, 0.3223399519920349, -0.4337151050567627, -1.257773756980896], [-1.4901162970204496e-08, 0.8026095032691956, 0.5965047478675842, 1.7298637628555298], [0.0, 0.0, 0.0, 1.0]], "0013": [[0.9530743360519409, 0.04497956857085228, -0.29937636852264404, -0.8681914806365967], [-0.30273646116256714, 0.14160458743572235, -0.9424960613250732, -2.733238458633423], [0.0, 0.9889007806777954, 0.14857666194438934, 0.4308723211288452], [0.0, 0.0, 0.0, 1.0]], "0014": [[-0.11486069858074188, 0.5803816914558411, -0.8062035441398621, -2.3379902839660645], [-0.993381679058075, -0.0671071857213974, 0.09321805089712143, 0.27033233642578125], [-3.725290298461914e-09, 0.8115748763084412, 0.5842484831809998, 1.694320559501648], [0.0, 0.0, 0.0, 1.0]], "0015": [[-0.3163536787033081, -0.42872312664985657, 0.8462369441986084, 2.454087018966675], [0.9486414194107056, -0.14297090470790863, 0.282203733921051, 0.8183908462524414], [-7.450580596923828e-09, 0.8920515179634094, 0.4519338607788086, 1.310608148574829], [0.0, 0.0, 0.0, 1.0]], "0016": [[-0.8816159963607788, 0.2457687109708786, -0.4029282331466675, -1.1684918403625488], [-0.4719676375389099, -0.45908576250076294, 0.7526532411575317, 2.182694435119629], [0.0, 0.8537200689315796, 0.5207321643829346, 1.5101232528686523], [0.0, 0.0, 0.0, 1.0]], "0017": [[-0.9011173248291016, -0.2308887094259262, 0.3669849932193756, 1.0642564296722412], [0.4335753321647644, -0.4798654019832611, 0.7627198696136475, 2.2118875980377197], [-1.4901161193847656e-08, 0.8464156985282898, 0.5325226783752441, 1.5443158149719238], [0.0, 0.0, 0.0, 1.0]], "0018": [[0.9837415814399719, 0.0026861734222620726, -0.17956995964050293, -0.5207529067993164], [-0.17959006130695343, 0.014714067801833153, -0.983631432056427, -2.8525314331054688], [0.0, 0.9998881220817566, 0.014957250095903873, 0.043376028537750244], [0.0, 0.0, 0.0, 1.0]], "0019": [[-0.36467233300209045, 0.6275913119316101, -0.6878540515899658, -1.994776725769043], [-0.9311359524726868, -0.24579139053821564, 0.26939281821250916, 0.7812391519546509], [-1.4901161193847656e-08, 0.7387257218360901, 0.6740062236785889, 1.954617977142334], [0.0, 0.0, 0.0, 1.0]], "0020": [[0.9987179636955261, -0.004377466626465321, 0.05043056607246399, 0.14624863862991333], [0.050620194524526596, 0.08636581897735596, -0.9949766397476196, -2.885432243347168], [0.0, 0.9962538480758667, 0.08647668361663818, 0.2507823705673218], [0.0, 0.0, 0.0, 1.0]], "0021": [[-0.9471102952957153, -0.17765751481056213, 0.2672450840473175, 0.7750107645988464], [0.3209082782268524, -0.5243281722068787, 0.7887318134307861, 2.2873222827911377], [0.0, 0.832777202129364, 0.5536082983016968, 1.6054641008377075], [0.0, 0.0, 0.0, 1.0]], "0022": [[-0.9826909899711609, -0.01770172454416752, 0.18440476059913635, 0.5347738265991211], [0.18525244295597076, -0.0939006507396698, 0.9781943559646606, 2.836763858795166], [0.0, 0.995424211025238, 0.09555460512638092, 0.277108371257782], [0.0, 0.0, 0.0, 1.0]], "0023": [[0.7248387336730957, -0.304222971200943, 0.618107795715332, 1.7925126552581787], [0.6889186501502991, 0.3200850784778595, -0.6503357887268066, -1.8859736919403076], [0.0, 0.8972145318984985, 0.4415948688983917, 1.2806251049041748], [0.0, 0.0, 0.0, 1.0]], "0024": [[-0.9999921321868896, 0.0007957589696161449, -0.0038915667682886124, -0.011285543441772461], [-0.003972093109041452, -0.20033584535121918, 0.9797191619873047, 2.8411855697631836], [0.0, 0.979727029800415, 0.20033739507198334, 0.5809784531593323], [0.0, 0.0, 0.0, 1.0]], "0025": [[0.8039120435714722, -0.15032440423965454, 0.5754373073577881, 1.6687681674957275], [0.594748318195343, 0.2031911313533783, -0.7778096199035645, -2.255647897720337], [7.450581485102248e-09, 0.9675307869911194, 0.25275295972824097, 0.7329835295677185], [0.0, 0.0, 0.0, 1.0]], "0026": [[0.7148212790489197, 0.11238677054643631, -0.6902170777320862, -2.0016298294067383], [-0.6993071436882019, 0.11488008499145508, -0.7055296301841736, -2.0460362434387207], [0.0, 0.987001359462738, 0.1607116013765335, 0.4660637080669403], [0.0, 0.0, 0.0, 1.0]], "0027": [[0.28124433755874634, 0.1504831314086914, -0.9477639198303223, -2.7485153675079346], [-0.9596362113952637, 0.04410267621278763, -0.27776485681533813, -0.8055180311203003], [0.0, 0.9876284003257751, 0.1568126678466797, 0.4547567367553711], [0.0, 0.0, 0.0, 1.0]], "0028": [[-0.6909988522529602, 0.030291423201560974, -0.7222208976745605, -2.0944409370422363], [-0.7228559851646423, -0.028956441208720207, 0.6903917193412781, 2.00213623046875], [0.0, 0.9991215467453003, 0.041905201971530914, 0.1215251088142395], [0.0, 0.0, 0.0, 1.0]], "0029": [[0.2576000988483429, -0.6265280246734619, 0.7355982661247253, 2.133234977722168], [0.9662517309188843, 0.1670306921005249, -0.19610852003097534, -0.5687146782875061], [0.0, 0.7612906098365784, 0.6484107971191406, 1.8803913593292236], [0.0, 0.0, 0.0, 1.0]], "0030": [[-0.433360755443573, 0.5849167108535767, -0.685617208480835, -1.9882898330688477], [-0.9012205600738525, -0.28126293420791626, 0.329685777425766, 0.9560887217521667], [0.0, 0.7607651352882385, 0.6490272879600525, 1.8821790218353271], [0.0, 0.0, 0.0, 1.0]], "0031": [[-0.9574862122535706, -0.026391493156552315, 0.28726932406425476, 0.8330810070037842], [0.2884790897369385, -0.08759557455778122, 0.9534709453582764, 2.7650656700134277], [0.0, 0.9958064556121826, 0.09148494899272919, 0.26530635356903076], [0.0, 0.0, 0.0, 1.0]], "0032": [[-0.9827351570129395, 0.11259385943412781, -0.14681372046470642, -0.42575979232788086], [-0.18501795828342438, -0.5980497598648071, 0.7798107862472534, 2.261451244354248], [-7.450580596923828e-09, 0.7935106158256531, 0.6085563898086548, 1.7648135423660278], [0.0, 0.0, 0.0, 1.0]], "0033": [[0.9049885869026184, -0.10292091220617294, 0.4127989411354065, 1.1971169710159302], [0.4254359006881714, 0.21893368661403656, -0.8781072497367859, -2.546511173248291], [7.450580596923828e-09, 0.9702965617179871, 0.24191871285438538, 0.7015643119812012], [0.0, 0.0, 0.0, 1.0]], "0034": [[-0.6619104743003845, -0.45986810326576233, 0.591942548751831, 1.7166333198547363], [0.7495830059051514, -0.4060811400413513, 0.5227079391479492, 1.515852928161621], [0.0, 0.7896958589553833, 0.6134985685348511, 1.7791458368301392], [0.0, 0.0, 0.0, 1.0]], "0035": [[-0.9746682643890381, 0.04922155290842056, -0.2181720733642578, -0.6326990127563477], [-0.2236555814743042, -0.21450252830982208, 0.950771689414978, 2.7572379112243652], [0.0, 0.9754824638366699, 0.22007745504379272, 0.6382246017456055], [0.0, 0.0, 0.0, 1.0]], "0036": [[-0.4294719099998474, -0.3346439003944397, 0.8387892246246338, 2.4324886798858643], [0.9030802249908447, -0.15914440155029297, 0.3988974392414093, 1.1568025350570679], [1.4901161193847656e-08, 0.9288091659545898, 0.37055838108062744, 1.0746192932128906], [0.0, 0.0, 0.0, 1.0]], "0037": [[0.9632605314254761, -0.017893116921186447, 0.2679719924926758, 0.7771187424659729], [0.2685687243938446, 0.06417624652385712, -0.9611203074455261, -2.7872488498687744], [1.862645149230957e-09, 0.9977781772613525, 0.0666239783167839, 0.19320952892303467], [0.0, 0.0, 0.0, 1.0]], "0038": [[-0.9053530693054199, 0.037046439945697784, -0.42304080724716187, -1.226818323135376], [-0.4246598482131958, -0.07898110896348953, 0.9019013047218323, 2.615513801574707], [0.0, 0.9961873888969421, 0.08723791688680649, 0.2529899477958679], [0.0, 0.0, 0.0, 1.0]], "0039": [[-0.42742595076560974, -0.2556981146335602, 0.8671363592147827, 2.514695644378662], [0.9040504097938538, -0.1208914965391159, 0.4099733531475067, 1.1889227628707886], [0.0, 0.9591682553291321, 0.28283610939979553, 0.8202247619628906], [0.0, 0.0, 0.0, 1.0]], "0040": [[0.40412789583206177, -0.47542670369148254, 0.7814410924911499, 2.266179084777832], [0.9147025346755981, 0.21004991233348846, -0.345251202583313, -1.0012284517288208], [0.0, 0.8543117046356201, 0.5197610259056091, 1.5073069334030151], [0.0, 0.0, 0.0, 1.0]], "0041": [[0.919823408126831, -0.155357226729393, 0.3602624237537384, 1.0447611808776855], [0.39233264327049255, 0.3642348349094391, -0.8446348309516907, -2.449441432952881], [1.4901162970204496e-08, 0.9182575941085815, 0.39598339796066284, 1.148352026939392], [0.0, 0.0, 0.0, 1.0]], "0042": [[-0.942715048789978, 0.1028299555182457, -0.31735536456108093, -0.9203305244445801], [-0.3335992097854614, -0.2905862629413605, 0.8968116641044617, 2.6007537841796875], [0.0, 0.9513072967529297, 0.3082440197467804, 0.8939076066017151], [0.0, 0.0, 0.0, 1.0]], "0043": [[-0.9853112697601318, -0.03204069659113884, 0.1677355319261551, 0.4864330291748047], [0.17076832056045532, -0.18487071990966797, 0.9678124785423279, 2.8066561222076416], [3.725290742551124e-09, 0.9822403788566589, 0.1876267045736313, 0.5441174507141113], [0.0, 0.0, 0.0, 1.0]], "0044": [[0.04523174464702606, -0.022768253460526466, 0.9987169504165649, 2.8962795734405518], [0.9989765286445618, 0.0010309029603376985, -0.045219991356134415, -0.13113799691200256], [0.0, 0.9997403025627136, 0.022791579365730286, 0.06609559059143066], [0.0, 0.0, 0.0, 1.0]], "0045": [[0.3369157016277313, 0.02332332916557789, 0.9412459135055542, 2.7296130657196045], [0.9415348172187805, -0.008345942944288254, -0.3368123173713684, -0.9767557382583618], [0.0, 0.9996931552886963, -0.024771608412265778, -0.0718376636505127], [0.0, 0.0, 0.0, 1.0]], "0046": [[-0.9667259454727173, 0.0310708899050951, -0.25392040610313416, -0.7363691329956055], [-0.2558143436908722, -0.11741732805967331, 0.9595687985420227, 2.7827494144439697], [1.862645149230957e-09, 0.992596447467804, 0.12145876884460449, 0.352230429649353], [0.0, 0.0, 0.0, 1.0]], "0047": [[-0.9266311526298523, 0.22425077855587006, -0.3017720878124237, -0.8751389980316162], [-0.37597185373306274, -0.5526950359344482, 0.7437562942504883, 2.156893253326416], [-1.4901162970204496e-08, 0.8026454448699951, 0.5964563488960266, 1.729723334312439], [0.0, 0.0, 0.0, 1.0]], "0048": [[-0.9848915338516235, -0.09829574078321457, 0.14257188141345978, 0.4134584665298462], [0.173172727227211, -0.559040904045105, 0.8108541965484619, 2.3514771461486816], [-7.450580596923828e-09, 0.8232929110527039, 0.5676167607307434, 1.6460886001586914], [0.0, 0.0, 0.0, 1.0]], "0049": [[0.3315107822418213, 0.12475443631410599, -0.9351667761802673, -2.7119836807250977], [-0.943451464176178, 0.0438363254070282, -0.3285997211933136, -0.9529392123222351], [3.725290298461914e-09, 0.9912188649177551, 0.1322319507598877, 0.38347265124320984], [0.0, 0.0, 0.0, 1.0]], "0050": [[-0.07557211071252823, -0.2256857007741928, 0.9712645411491394, 2.816667079925537], [0.9971403479576111, -0.017104459926486015, 0.07361102104187012, 0.21347194910049438], [1.862645149230957e-09, 0.974049985408783, 0.22633293271064758, 0.6563655138015747], [0.0, 0.0, 0.0, 1.0]], "0051": [[0.5282890200614929, 0.2538086473941803, -0.8102418780326843, -2.349701404571533], [-0.8490645885467529, 0.15792004764080048, -0.5041334629058838, -1.461987018585205], [1.4901161193847656e-08, 0.9542758464813232, 0.29892733693122864, 0.866889238357544], [0.0, 0.0, 0.0, 1.0]], "0052": [[0.9608227014541626, 0.005251467227935791, 0.27711400389671326, 0.8036305904388428], [0.2771637737751007, -0.018204865977168083, -0.9606502056121826, -2.7858855724334717], [4.656612873077393e-10, 0.9998204708099365, -0.018947165459394455, -0.05494678020477295], [0.0, 0.0, 0.0, 1.0]], "0053": [[0.8236150145530701, -0.34476137161254883, 0.45033103227615356, 1.305959939956665], [0.5671494603157043, 0.5006628036499023, -0.6539711952209473, -1.8965164422988892], [0.0, 0.7940253615379333, 0.6078845858573914, 1.7628651857376099], [0.0, 0.0, 0.0, 1.0]], "0054": [[-0.8312143087387085, 0.3218560218811035, -0.4533118009567261, -1.3146041631698608], [-0.5559523105621338, -0.4812127947807312, 0.6777546405792236, 1.9654884338378906], [-2.980232594040899e-08, 0.8153789639472961, 0.5789275765419006, 1.6788898706436157], [0.0, 0.0, 0.0, 1.0]], "0055": [[-0.9820860624313354, 0.06645044684410095, -0.17632755637168884, -0.5113499164581299], [-0.1884332001209259, -0.3463299572467804, 0.9189932346343994, 2.6650803089141846], [-3.725290298461914e-09, 0.9357563853263855, 0.3526472747325897, 1.0226770639419556], [0.0, 0.0, 0.0, 1.0]], "0056": [[-0.8903636932373047, -0.3048260807991028, 0.33813247084617615, 0.9805841445922852], [0.45524996519088745, -0.5961693525314331, 0.661309003829956, 1.9177961349487305], [-1.4901161193847656e-08, 0.742740273475647, 0.6695796251296997, 1.941780924797058], [0.0, 0.0, 0.0, 1.0]], "0057": [[0.6632646918296814, -0.2480226308107376, 0.7060911655426025, 2.0476644039154053], [0.7483848929405212, 0.21981289982795715, -0.6257814168930054, -1.8147660493850708], [0.0, 0.9434866309165955, 0.3314105272293091, 0.9610905051231384], [0.0, 0.0, 0.0, 1.0]], "0058": [[0.6219552159309387, 0.44988304376602173, -0.6409188508987427, -1.858664631843567], [-0.783052921295166, 0.35732850432395935, -0.5090624690055847, -1.4762811660766602], [0.0, 0.8184873461723328, 0.5745245218276978, 1.666121006011963], [0.0, 0.0, 0.0, 1.0]], "0059": [[0.9912042617797852, -0.005555171053856611, 0.13222432136535645, 0.3834505081176758], [0.13234096765518188, 0.04160699248313904, -0.9903306365013123, -2.8719587326049805], [-4.656612873077393e-10, 0.9991186261177063, 0.0419762060046196, 0.1217309981584549], [0.0, 0.0, 0.0, 1.0]], "0060": [[0.1148773729801178, -0.6066382527351379, 0.786634087562561, 2.2812390327453613], [0.9933797717094421, 0.07015343755483627, -0.09096868336200714, -0.2638092041015625], [-3.725290742551124e-09, 0.7918766140937805, 0.6106811165809631, 1.7709753513336182], [0.0, 0.0, 0.0, 1.0]], "0061": [[-0.6914209723472595, 0.10757307708263397, -0.7143984436988831, -2.0717554092407227], [-0.7224521636962891, -0.10295253992080688, 0.6837131977081299, 1.982768177986145], [-7.450581485102248e-09, 0.9888522624969482, 0.14889994263648987, 0.43180984258651733], [0.0, 0.0, 0.0, 1.0]], "0062": [[-0.9059582948684692, -0.23651860654354095, 0.3511388301849365, 1.0183026790618896], [0.4233669638633728, -0.5061236023902893, 0.7513982057571411, 2.1790549755096436], [0.0, 0.8293960094451904, 0.5586610436439514, 1.6201171875], [0.0, 0.0, 0.0, 1.0]], "0063": [[-0.923211932182312, -0.11969168484210968, 0.36517634987831116, 1.059011459350586], [0.3842914402484894, -0.28754422068595886, 0.8772903680801392, 2.544142246246338], [-1.4901162970204496e-08, 0.9502590298652649, 0.3114607334136963, 0.9032361507415771], [0.0, 0.0, 0.0, 1.0]], "0064": [[0.11000627279281616, 0.0250993762165308, -0.9936138987541199, -2.8814804553985596], [-0.993930995464325, 0.0027779482770711184, -0.10997118055820465, -0.3189164400100708], [0.0, 0.9996811151504517, 0.025252636522054672, 0.07323265075683594], [0.0, 0.0, 0.0, 1.0]], "0065": [[0.7873876094818115, -0.12297126650810242, 0.6040686368942261, 1.7517989873886108], [0.6164583563804626, 0.15706826746463776, -0.7715625166893005, -2.2375311851501465], [7.450581485102248e-09, 0.9799017906188965, 0.19948026537895203, 0.5784927606582642], [0.0, 0.0, 0.0, 1.0]], "0066": [[0.7702600359916687, -0.28084596991539, 0.5725601315498352, 1.6604244709014893], [0.6377300024032593, 0.33921000361442566, -0.6915467977523804, -2.005485773086548], [0.0, 0.8978095650672913, 0.44038379192352295, 1.2771130800247192], [0.0, 0.0, 0.0, 1.0]], "0067": [[-0.3135060667991638, 0.010268053971230984, 0.9495307207107544, 2.753638982772827], [0.9495862722396851, 0.0033899995032697916, 0.313487708568573, 0.9091143608093262], [2.3283064365386963e-10, 0.9999415874481201, -0.010813186876475811, -0.03135824203491211], [0.0, 0.0, 0.0, 1.0]], "0068": [[0.6715872883796692, 0.010587875731289387, 0.7408497333526611, 2.1484644412994385], [0.7409254312515259, -0.00959702953696251, -0.6715186834335327, -1.9474042654037476], [4.656612873077393e-10, 0.9998979568481445, -0.014290068298578262, -0.04144120216369629], [0.0, 0.0, 0.0, 1.0]], "0069": [[0.9127984642982483, 0.1554538607597351, -0.3776681125164032, -1.0952374935150146], [-0.40841051936149597, 0.3474397659301758, -0.844089150428772, -2.4478585720062256], [0.0, 0.9247267842292786, 0.3806314468383789, 1.103831171989441], [0.0, 0.0, 0.0, 1.0]], "0070": [[-0.5910083651542664, 0.5503543019294739, -0.5897620320320129, -1.7103098630905151], [-0.8066654205322266, -0.40322044491767883, 0.4320927858352661, 1.2530690431594849], [1.4901161193847656e-08, 0.7311110496520996, 0.6822584271430969, 1.9785494804382324], [0.0, 0.0, 0.0, 1.0]], "0071": [[0.6233277320861816, -0.18007111549377441, 0.7609447240829468, 2.206739902496338], [0.7819607257843018, 0.1435408741235733, -0.6065751910209656, -1.759068250656128], [0.0, 0.973124086856842, 0.2302815169095993, 0.6678164601325989], [0.0, 0.0, 0.0, 1.0]], "0072": [[0.5550550818443298, 0.276099294424057, -0.7846547365188599, -2.275498628616333], [-0.8318136930465698, 0.18423637747764587, -0.5235867500305176, -1.5184015035629272], [1.4901162970204496e-08, 0.9433059096336365, 0.33192452788352966, 0.9625810980796814], [0.0, 0.0, 0.0, 1.0]], "0073": [[-0.37334907054901123, -0.6260659098625183, 0.6845815777778625, 1.9852864742279053], [0.9276909828186035, -0.2519600987434387, 0.2755097448825836, 0.7989782094955444], [-1.4901162970204496e-08, 0.7379413843154907, 0.6748647689819336, 1.9571077823638916], [0.0, 0.0, 0.0, 1.0]], "0074": [[-0.9513891935348511, -0.00024254956224467605, 0.30799102783203125, 0.8931739330291748], [0.3079911172389984, -0.0007492392905987799, 0.951388955116272, 2.7590279579162598], [0.0, 0.9999997615814209, 0.0007875212468206882, 0.002283811569213867], [0.0, 0.0, 0.0, 1.0]], "0075": [[-0.898251473903656, 0.04676457494497299, -0.4369867444038391, -1.2672616243362427], [-0.4394818842411041, -0.0955815240740776, 0.8931516408920288, 2.590139865875244], [0.0, 0.9943224787712097, 0.10640842467546463, 0.30858445167541504], [0.0, 0.0, 0.0, 1.0]], "0076": [[-0.9436073899269104, -0.11515341699123383, 0.3103945851325989, 0.9001443982124329], [0.3310666084289551, -0.328210711479187, 0.8846878409385681, 2.5655949115753174], [0.0, 0.9375593066215515, 0.34782546758651733, 1.0086939334869385], [0.0, 0.0, 0.0, 1.0]], "0077": [[0.8394787311553955, -0.14819759130477905, 0.5227933526039124, 1.5161007642745972], [0.5433924794197083, 0.2289482057094574, -0.8076554536819458, -2.342200756072998], [-7.4505797087454084e-09, 0.9620916247367859, 0.2727265954017639, 0.790907084941864], [0.0, 0.0, 0.0, 1.0]], "0078": [[0.12348838895559311, 0.13680197298526764, -0.9828712344169617, -2.8503265380859375], [-0.9923459887504578, 0.017023757100105286, -0.12230934947729111, -0.3546971082687378], [1.8626449271863521e-09, 0.9904521703720093, 0.137857124209404, 0.3997856378555298], [0.0, 0.0, 0.0, 1.0]], "0079": [[-0.5461242198944092, -0.10820240527391434, 0.8306867480278015, 2.408991813659668], [0.8377042412757874, -0.07054035365581512, 0.5415493249893188, 1.570493221282959], [-3.725290742551124e-09, 0.9916231036186218, 0.1291653960943222, 0.37457966804504395], [0.0, 0.0, 0.0, 1.0]], "0080": [[-0.6336143016815186, -0.2565443217754364, 0.7298752665519714, 2.11663818359375], [0.7736490964889526, -0.21010836958885193, 0.5977638363838196, 1.7335151433944702], [-1.4901161193847656e-08, 0.9434190392494202, 0.33160293102264404, 0.9616484642028809], [0.0, 0.0, 0.0, 1.0]], "0081": [[-0.2781664729118347, -0.058870039880275726, 0.9587271809577942, 2.780308723449707], [0.9605329632759094, -0.01704852655529976, 0.2776435315608978, 0.8051662445068359], [0.0, 0.9981200695037842, 0.06128893047571182, 0.17773789167404175], [0.0, 0.0, 0.0, 1.0]], "0082": [[-0.8284985423088074, -0.10826978087425232, 0.5494250655174255, 1.5933326482772827], [0.5599913001060486, -0.16018347442150116, 0.8128659725189209, 2.357311248779297], [-7.450580596923828e-09, 0.9811314344406128, 0.193341925740242, 0.5606915950775146], [0.0, 0.0, 0.0, 1.0]], "0083": [[-0.998304009437561, -0.037903979420661926, 0.044186607003211975, 0.12814116477966309], [0.05821656435728073, -0.6499815583229065, 0.7577167749404907, 2.1973788738250732], [-1.862645371275562e-09, 0.7590041160583496, 0.6510857939720154, 1.8881489038467407], [0.0, 0.0, 0.0, 1.0]], "0084": [[0.5929056406021118, 0.11522968858480453, -0.7969849109649658, -2.3112566471099854], [-0.8052719831466675, 0.08484131097793579, -0.5868040323257446, -1.7017319202423096], [0.0, 0.9897090792655945, 0.14309410750865936, 0.4149729907512665], [0.0, 0.0, 0.0, 1.0]], "0085": [[0.9634100198745728, -0.14992299675941467, 0.22218069434165955, 0.6443240642547607], [0.268032044172287, 0.5388807654380798, -0.7986027002334595, -2.315948009490967], [7.450581485102248e-09, 0.8289333581924438, 0.5593472719192505, 1.6221072673797607], [0.0, 0.0, 0.0, 1.0]], "0086": [[-0.7485896348953247, -0.008678076788783073, -0.6629768013954163, -1.9226326942443848], [-0.663033664226532, 0.009797872044146061, 0.7485255002975464, 2.1707239151000977], [0.0, 0.9999144077301025, -0.013088440522551537, -0.03795647621154785], [0.0, 0.0, 0.0, 1.0]], "0087": [[0.9097906351089478, 0.1403609663248062, -0.3906148076057434, -1.1327829360961914], [-0.4150676131248474, 0.30765849351882935, -0.8561922311782837, -2.482957363128662], [-7.450580596923828e-09, 0.9410871863365173, 0.3381640911102295, 0.9806758761405945], [0.0, 0.0, 0.0, 1.0]], "0088": [[0.994776725769043, -0.02949303574860096, 0.09772194176912308, 0.28339362144470215], [0.10207556188106537, 0.2874242067337036, -0.9523486495018005, -2.7618110179901123], [1.862645371275562e-09, 0.9573491811752319, 0.2889334261417389, 0.8379069566726685], [0.0, 0.0, 0.0, 1.0]], "0089": [[0.9958688020706177, -0.04520227387547493, 0.0787537693977356, 0.22838592529296875], [0.09080418944358826, 0.49574291706085205, -0.8637092113494873, -2.5047566890716553], [-3.725290298461914e-09, 0.8672921657562256, 0.49779942631721497, 1.4436182975769043], [0.0, 0.0, 0.0, 1.0]], "0090": [[-0.14068932831287384, 0.3938567340373993, -0.9083409905433655, -2.6341888904571533], [-0.9900537729263306, -0.055968109518289566, 0.1290777176618576, 0.37432539463043213], [0.0, 0.9174663424491882, 0.39781343936920166, 1.1536589860916138], [0.0, 0.0, 0.0, 1.0]], "0091": [[0.8660780787467957, -0.17132364213466644, 0.4696350395679474, 1.3619418144226074], [0.4999088943004608, 0.29681339859962463, -0.8136294484138489, -2.359525680541992], [-1.4901161193847656e-08, 0.939441442489624, 0.3427097499370575, 0.9938584566116333], [0.0, 0.0, 0.0, 1.0]], "0092": [[-0.5088158845901489, -0.0032685501500964165, -0.8608691692352295, -2.496520519256592], [-0.8608753085136414, 0.0019318596459925175, 0.5088122487068176, 1.475555419921875], [1.1641530794914701e-10, 0.999992847442627, -0.0037967748939990997, -0.01101064682006836], [0.0, 0.0, 0.0, 1.0]], "0093": [[-0.8669918775558472, 0.298543244600296, -0.39899498224258423, -1.1570854187011719], [-0.4983222186565399, -0.5194120407104492, 0.6941801905632019, 2.01312255859375], [0.0, 0.800676703453064, 0.5990967154502869, 1.7373805046081543], [0.0, 0.0, 0.0, 1.0]], "0094": [[-0.8710412383079529, 0.2724900543689728, -0.4087008237838745, -1.185232400894165], [-0.4912099838256836, -0.4831947386264801, 0.7247313857078552, 2.1017210483551025], [0.0, 0.8320288062095642, 0.5547323822975159, 1.6087238788604736], [0.0, 0.0, 0.0, 1.0]], "0095": [[-0.9161072969436646, 0.09064789116382599, -0.39055135846138, -1.1325989961624146], [-0.4009332060813904, -0.2071247547864914, 0.8923854827880859, 2.5879180431365967], [7.450580596923828e-09, 0.974105954170227, 0.22609223425388336, 0.6556675434112549], [0.0, 0.0, 0.0, 1.0]], "0096": [[-0.7324240803718567, -0.19471687078475952, 0.6524111032485962, 1.8919923305511475], [0.6808487176895142, -0.20946699380874634, 0.7018322944641113, 2.035313844680786], [0.0, 0.9582321643829346, 0.2859914004802704, 0.8293750882148743], [0.0, 0.0, 0.0, 1.0]], "0097": [[-0.18560078740119934, -0.6539316177368164, 0.7334341406822205, 2.1269590854644775], [0.9826252460479736, -0.12351630628108978, 0.13853293657302856, 0.4017455577850342], [7.450580596923828e-09, 0.7464028000831604, 0.6654945015907288, 1.9299342632293701], [0.0, 0.0, 0.0, 1.0]], "0098": [[0.6731224060058594, -0.18755635619163513, 0.7153522968292236, 2.074521541595459], [0.7395311594009399, 0.1707140952348709, -0.6511147618293762, -1.8882328271865845], [-7.450581485102248e-09, 0.9673051834106445, 0.25361523032188416, 0.7354841232299805], [0.0, 0.0, 0.0, 1.0]], "0099": [[-0.9971259236335754, 0.03470046445727348, -0.06734945625066757, -0.19531340897083282], [-0.0757632702589035, -0.4566953480243683, 0.8863911032676697, 2.5705342292785645], [0.0, 0.8889460563659668, 0.4580117464065552, 1.328234076499939], [0.0, 0.0, 0.0, 1.0]]}