{"K": [[803.0111694335938, 0.0, 472.3017883300781], [0.0, 803.0111694335938, 362.84283447265625], [0.0, 0.0, 1.0]], "0000": [[0.6091589037543362, 0.6575502223814355, -0.44334314135455966, -0.5450173870658744], [-0.7928638556989872, 0.5170161593227747, -0.32258520618091185, -0.8963101361538719], [0.017099592834711106, 0.5480163693428042, 0.836292803287506, 0.9744926544864929], [0.0, 0.0, 0.0, 0.9999999403953552]], "0001": [[0.6053952428305754, 0.6556587814491298, -0.4512296496257963, -0.544570745950957], [-0.7956375480670924, 0.5137614595381068, -0.320951833540685, -0.898178043813126], [0.021389516070485146, 0.5533179640769961, 0.8326954841613768, 0.975457459970311], [0.0, 0.0, 0.0, 0.9999999403953552]], "0002": [[0.5981884034349079, 0.6543334915925819, -0.46262097169178273, -0.5492612649765697], [-0.8008105380676935, 0.5093933582617095, -0.3149932241943811, -0.8959701692724863], [0.029545433819294007, 0.5588970780372622, 0.8287104368209838, 0.9796691912253654], [0.0, 0.0, 0.0, 0.9999999403953552]], "0003": [[0.6005978814644243, 0.6616349256424735, -0.44891167532422016, -0.5573492780196377], [-0.7995023685603995, 0.5031849519825435, -0.3280261063957157, -0.8922482819309409], [0.008852072060108214, 0.5559176206588747, 0.8311904072761535, 0.9771863408386705], [0.0, 0.0, 0.0, 1.0]], "0004": [[0.590686560937539, 0.6701206194058852, -0.44947499135974733, -0.5602256751858763], [-0.8068672121422603, 0.4956435262478877, -0.3214075737429319, -0.8844880025343707], [0.007397532463073758, 0.5525177717208865, 0.8334683179855346, 0.9721289466162479], [0.0, 0.0, 0.0, 0.9999999403953552]], "0005": [[0.6374802200417561, 0.6387643532183781, -0.43081244269576063, -0.5507638002165323], [-0.7704460370978569, 0.5326139181714599, -0.3503364302578213, -0.9060450666352897], [0.005674276500940364, 0.5552502274513247, 0.831664204597473, 0.9663543440401552], [0.0, 0.0, 0.0, 1.0]], "0006": [[0.7138844022559083, 0.5795521924207018, -0.3930500773651389, -0.5242752069732352], [-0.7002169173976687, 0.5972733045219537, -0.39110230172595356, -0.9590156855691254], [0.008094116114080015, 0.5544220805168154, 0.832196295261383, 0.9578192348619259], [0.0, 0.0, 0.0, 0.9999999403953552]], "0007": [[0.7592131134519061, 0.5417923630374868, -0.3606339457103025, -0.5007937013211369], [-0.6507716144527946, 0.6401088790757474, -0.40835926796163335, -1.0037851086277745], [0.009599060751497822, 0.5447219610214236, 0.8385619521141051, 0.9507327446659486], [0.0, 0.0, 0.0, 1.0000001192092896]], "0008": [[0.7715251710777958, 0.5316661801511667, -0.34939956790851157, -0.48351098567734424], [-0.6360926317719329, 0.6546869398338174, -0.40837634481795054, -1.0138148201482946], [0.011627433821559034, 0.5373231172561648, 0.8432964086532592, 0.9498739804168499], [0.0, 0.0, 0.0, 0.9999999403953552]], "0009": [[0.7721781577027502, 0.5283071709379845, -0.35303310152467476, -0.4725455675694431], [-0.6350162426852212, 0.6610917043518023, -0.399639956985654, -0.99625545505483], [0.022254575043916782, 0.5327750444412234, 0.8459643125534057, 0.9423157277544296], [0.0, 0.0, 0.0, 0.9999999403953552]], "0010": [[0.7661505703611784, 0.5444740392802893, -0.3414112345978678, -0.4630947103348357], [-0.6425666622720592, 0.6581176256385569, -0.39241510500785437, -0.9649875992183918], [0.011028914712369522, 0.5200284719467165, 0.8540779352188109, 0.9363448210060594], [0.0, 0.0, 0.0, 1.0]], "0011": [[0.7712719157139915, 0.5412562257948337, -0.33493520111160524, -0.45453933922016765], [-0.63634434973488, 0.6675475368328591, -0.38658298811482156, -0.9520576471598914], [0.01434473041445025, 0.5112946629524233, 0.8592858910560607, 0.9289558529853819], [0.0, 0.0, 0.0, 1.0]], "0012": [[0.8014779478626936, 0.5156474306272533, -0.3028875818039525, -0.42926617865754424], [-0.5980244040194499, 0.6908109831253916, -0.406383013486193, -0.9685073374848986], [-0.000312319491058497, 0.5068411827087405, 0.8620394468307494, 0.923751041293144], [0.0, 0.0, 0.0, 1.0]], "0013": [[0.8566199521864476, 0.44271318250176933, -0.2649671778806251, -0.3812133064500468], [-0.5159481719009678, 0.7349524110738241, -0.44004863371079705, -1.0217893946708188], [-7.704574090883253e-05, 0.5136637091636659, 0.8579917550086974, 0.9228362143039701], [0.0, 0.0, 0.0, 1.0]], "0014": [[0.9075867416776223, 0.3576671457756454, -0.21991084251406431, -0.33191700531778645], [-0.4198320692062775, 0.7796292098445406, -0.46467153143678, -1.0760070785083538], [0.005251181311905515, 0.5140553116798402, 0.8577411770820617, 0.9179488116820733], [0.0, 0.0, 0.0, 1.0000001192092896]], "0015": [[0.9293778288450991, 0.3215651218303167, -0.18125339505800334, -0.2955795698771462], [-0.36898930432865773, 0.7957586441155494, -0.4802240614844925, -1.1070860669521234], [-0.01018935814499841, 0.5131900906562806, 0.858214497566223, 0.9118763661066607], [0.0, 0.0, 0.0, 0.9999998807907104]], "0016": [[0.9368815974838116, 0.30287832816502147, -0.1746930411037085, -0.2654709950718325], [-0.34963052943347417, 0.8066943218227958, -0.4764481742216504, -1.1106302332040445], [-0.003381941234692787, 0.5074535012245179, 0.8616725206375121, 0.9024630859494207], [0.0, 0.0, 0.0, 1.0]], "0017": [[0.9383650430011273, 0.2991008347508926, -0.1732337296763732, -0.2472999507451723], [-0.34559223804683153, 0.8030256100082989, -0.4855059726816964, -1.0958699542371197], [-0.006104105617850874, 0.5154500007629396, 0.8568980693817138, 0.8962562978267667], [0.0, 0.0, 0.0, 1.0]], "0018": [[0.9518283191952288, 0.2674891948471001, -0.1499084284179244, -0.22456248697022752], [-0.30645530099419976, 0.8132665813982398, -0.49465428970087233, -1.095541340421152], [-0.010399170219898073, 0.5167661905288697, 0.8560636043548583, 0.8943313807249067], [0.0, 0.0, 0.0, 1.0]], "0019": [[0.9803942823740901, 0.17565000229326627, -0.08930001324371252, -0.16752813164321273], [-0.1965472094072002, 0.8394724196077368, -0.5066117208304911, -1.1220721231868813], [-0.014021429233252834, 0.514230787754059, 0.8575373888015746, 0.8904522955417631], [0.0, 0.0, 0.0, 1.0]], "0020": [[0.9935293431971325, 0.1052394996660572, -0.04271123463497408, -0.10919810240053451], [-0.11219405472912557, 0.8509023950872149, -0.5132033484903874, -1.145716978340576], [-0.017666155472397624, 0.5146744251251222, 0.857203722000122, 0.8931272774934768], [0.0, 0.0, 0.0, 1.0]], "0021": [[0.9974943732430432, 0.07006856949312346, -0.009775498477455579, -0.07738268410277188], [-0.0650856412358042, 0.8547044759339285, -0.5150189047968046, -1.1514962676477964], [-0.027731491252779773, 0.5143646597862245, 0.8571232557296752, 0.8957953670938891], [0.0, 0.0, 0.0, 1.0000001192092896]], "0022": [[0.9988920904417884, 0.04523777210247079, 0.01297732436067564, -0.05621173247909317], [-0.0323775163949631, 0.8606865414242659, -0.5081049216476072, -1.1336007203047915], [-0.03415492177009564, 0.5071216821670533, 0.8611975908279419, 0.893113002181053], [0.0, 0.0, 0.0, 1.0]], "0023": [[0.9991014703695331, 0.00957247607231349, 0.04128686286072174, -0.029875557776233186], [0.012416608832554576, 0.8653047937974672, -0.5010923048867825, -1.0978754316862676], [-0.04052243381738643, 0.501154661178589, 0.8644084930419922, 0.8900654166936873], [0.0, 0.0, 0.0, 1.0]], "0024": [[0.9959354419122385, -0.052369369150709104, 0.07328234210243258, -0.0016571240553833189], [0.08218506167877536, 0.8612860358758488, -0.5014302070724068, -1.0683625514059345], [-0.036857470870017804, 0.5054147839546205, 0.862089216709137, 0.893859952688217], [0.0, 0.0, 0.0, 1.0]], "0025": [[0.991075294108965, -0.08824606949653403, 0.09991213646310242, 0.03222862787377534], [0.12519109826460995, 0.8736340559029216, -0.47020279375251683, -1.0485017225223927], [-0.045793097466230184, 0.4785145223140717, 0.8768848776817322, 0.8920325565179147], [0.0, 0.0, 0.0, 0.9999999403953552]], "0026": [[0.9719189998156462, -0.1752794883442611, 0.1570055231014563, 0.08652405538970687], [0.22915192889455768, 0.8567009696723755, -0.4621182842273369, -1.047116533080168], [-0.05350692197680452, 0.485119640827179, 0.8728094100952148, 0.8959359377622603], [0.0, 0.0, 0.0, 1.0]], "0027": [[0.9342397967773103, -0.29114169077533086, 0.20599225688009873, 0.16701028576164345], [0.35493501968486013, 0.8154975070053475, -0.4571490484885925, -1.0626588250223246], [-0.03489100933074929, 0.5002005696296692, 0.8652065396308899, 0.9052243227084559], [0.0, 0.0, 0.0, 1.0000001192092896]], "0028": [[0.903534021684743, -0.34909717236336496, 0.24851094461051879, 0.23471021634904643], [0.42704684176922997, 0.7815440969230412, -0.4547748047863968, -1.074142023692051], [-0.035461653023957984, 0.5170302391052246, 0.8552324175834656, 0.9133869409561156], [0.0, 0.0, 0.0, 1.0]], "0029": [[0.8870445567202278, -0.37718153166433255, 0.26624478034467863, 0.27712730179611955], [0.46013054286350213, 0.7695180059391897, -0.4428568294523389, -1.062184077318207], [-0.0378427170217035, 0.5153409838676453, 0.856149435043335, 0.9119252562522887], [0.0, 0.0, 0.0, 1.0]], "0030": [[0.868676084329259, -0.4052344893395891, 0.2849336810563726, 0.30572798461007744], [0.4941907259315588, 0.7487380771136856, -0.44177731747617077, -1.0192994030098044], [-0.03431729599833466, 0.5245729088783264, 0.8506738543510437, 0.9079640576561373], [0.0, 0.0, 0.0, 1.0000001192092896]], "0031": [[0.8308432728688376, -0.47551767826915675, 0.2891065221016333, 0.3255115160974119], [0.5564153798190632, 0.7192206987782772, -0.41608139928543064, -0.9591842145972364], [-0.010077321901917236, 0.5065617561340332, 0.8621448874473572, 0.8911806195974349], [0.0, 0.0, 0.0, 1.0]], "0032": [[0.7819232326435389, -0.5392439199726058, 0.3127494266061224, 0.3423491025450315], [0.6232683151585093, 0.6855541420261468, -0.37623429811482584, -0.9193047241962568], [-0.011524609290063163, 0.4891130924224853, 0.8721442818641663, 0.88191769272089], [0.0, 0.0, 0.0, 1.0]], "0033": [[0.7108576799636003, -0.6081702127856959, 0.35328541709491634, 0.374445799863556], [0.7031704967553439, 0.6254264961332912, -0.33822062163165373, -0.893933521989818], [-0.015258362516760613, 0.48884657025337214, 0.8722365498542786, 0.875539094209671], [0.0, 0.0, 0.0, 1.0]], "0034": [[0.5967222261139539, -0.6914886839059114, 0.40714409072176433, 0.44422265727634147], [0.8024035461189727, 0.5195251847415596, -0.29367068666424767, -0.8644186344566271], [-0.008451648987829482, 0.5019335746765136, 0.8648650050163269, 0.8802387863397598], [0.0, 0.0, 0.0, 1.0]], "0035": [[0.508556922120141, -0.7392012988241439, 0.44153320219844144, 0.5084901056532722], [0.8608205985179347, 0.4252271315699052, -0.2795891134975392, -0.8320209644850156], [0.018920771777630043, 0.5222677588462828, 0.8525718450546266, 0.875164769589901], [0.0, 0.0, 0.0, 1.0]], "0036": [[0.4345022366088802, -0.7531975640311764, 0.49386363168493497, 0.5335073978603729], [0.900372721144094, 0.3491313958530821, -0.2596851468061648, -0.7998697549034713], [0.023170901462435903, 0.5574950575828551, 0.8298569321632386, 0.864138618393735], [0.0, 0.0, 0.0, 0.9999999403953552]], "0037": [[0.39316011591810107, -0.7625032719223805, 0.5138229515410078, 0.5314909683518089], [0.9189234821792768, 0.3065821805784518, -0.24816749612908393, -0.7506525599327736], [0.03169956058263796, 0.5697335004806517, 0.8212178945541383, 0.8521987202604571], [0.0, 0.0, 0.0, 0.9999999403953552]], "0038": [[0.3501004994498759, -0.7835133022319224, 0.5133584185912016, 0.521712111578097], [0.9365841144776802, 0.28373720610382086, -0.20567830047751726, -0.703273324544329], [0.01549277640879171, 0.5528113245964049, 0.8331626057624818, 0.8460797661860866], [0.0, 0.0, 0.0, 1.0000001192092896]], "0039": [[0.29979822904352377, -0.7988531449227608, 0.5214928212830126, 0.5266562261972795], [0.9540024089312652, 0.25068177349659065, -0.1644325394973997, -0.6633796033572026], [0.0006286916905084373, 0.5468020439147948, 0.8372616767883302, 0.8476364168365755], [0.0, 0.0, 0.0, 0.9999999403953552]], "0040": [[0.20125054157209193, -0.8247414976198346, 0.5284880806906932, 0.5475637849832566], [0.9794084185667142, 0.17825903221518286, -0.09477759432902352, -0.6164145821458609], [-0.01604075543582425, 0.5366796851158141, 0.843633532524109, 0.8366665696779805], [0.0, 0.0, 0.0, 0.9999998807907104]], "0041": [[0.11282831932710347, -0.8285331455596336, 0.5484547477311814, 0.5706730792602794], [0.9933432292441325, 0.10695463591713228, -0.04277793400592451, -0.5701191129029042], [-0.02321682870388018, 0.5496303439140319, 0.8350853323936464, 0.8337883055210114], [0.0, 0.0, 0.0, 1.0]], "0042": [[0.05303161676032428, -0.8262030354732979, 0.5608709672641287, 0.5868275351695598], [0.998174506521361, 0.060114880791418614, -0.005826140549011775, -0.5405761604738075], [-0.02890310809016216, 0.5601559877395629, 0.8278827667236329, 0.8303486108779907], [0.0, 0.0, 0.0, 1.0]], "0043": [[0.016102111564222126, -0.8349061911822677, 0.55015685094156, 0.5791824034773335], [0.9992162696253928, 0.03333650645473584, 0.02134560546770874, -0.5166114234507553], [-0.03616190329194058, 0.5493818521499633, 0.8347885608673097, 0.8264994475086489], [0.0, 0.0, 0.0, 0.9999999403953552]], "0044": [[-0.033767127654401735, -0.8447906971787447, 0.5340304951385996, 0.5558554094068824], [0.9988677312767434, -0.010610342889714955, 0.046374341557629796, -0.49893632327226195], [-0.03351033106446256, 0.5349918007850646, 0.8441924452781678, 0.8261032402515411], [0.0, 0.0, 0.0, 1.0]], "0045": [[-0.1420041121495147, -0.7757891722183036, 0.6148059318765627, 0.46620592432048225], [0.9896139030377498, -0.09724443190495927, 0.10586781998875518, -0.3081772376901175], [-0.02234467864036552, 0.6234541535377501, 0.7815408110618592, 0.42528277635574346], [0.0, 0.0, 0.0, 1.0]], "0046": [[-0.1967288499437346, -0.7742393506824334, 0.6015407628508316, 0.47806504082417056], [0.9799420907206329, -0.13536823431828116, 0.14625019139389508, -0.29105109220700165], [-0.031803153455257346, 0.6182467341423034, 0.7853404879570008, 0.524532169385747], [0.0, 0.0, 0.0, 0.9999999403953552]], "0047": [[-0.26937333607781955, -0.779246068515029, 0.5658739977226428, 0.49380619510869816], [0.9623251516986105, -0.19523478298550848, 0.18924487623283343, -0.26730254612846405], [-0.03699006140232081, 0.5955322980880735, 0.8024792671203614, 0.6081134083708086], [0.0, 0.0, 0.0, 0.9999999403953552]], "0048": [[-0.29605845920964463, -0.7756827466119812, 0.5573742006854305, 0.48062969696760127], [0.9550448316495296, -0.2309478362809844, 0.18588371767423054, -0.24933676864752308], [-0.015462432056665375, 0.5873497724533079, 0.8091856837272645, 0.6684371227343959], [0.0, 0.0, 0.0, 1.0000001192092896]], "0049": [[-0.3342542634610347, -0.7767456193506463, 0.5337982662088249, 0.429702401995665], [0.9424811226820404, -0.2743242185851515, 0.19098641778196163, -0.24247244609315788], [-0.0019140731310471524, 0.566932678222656, 0.8237620592117311, 0.6905821859836578], [0.0, 0.0, 0.0, 1.0]], "0050": [[-0.3343830347092976, -0.7886209757300938, 0.5160089207234394, 0.3636618173544811], [0.9422666143612776, -0.290181531242746, 0.16711863124404097, -0.23786107863599948], [0.017942991107702293, 0.5420995354652403, 0.8401228785514833, 0.7058286070823669], [0.0, 0.0, 0.0, 1.0]], "0051": [[-0.38264921175818195, -0.7682277872359939, 0.5132308837724363, 0.30801808098275196], [0.9238589485378915, -0.3229922532789598, 0.20533111160858053, -0.2243170687337802], [0.008028519339859512, 0.5527226924896238, 0.833326816558838, 0.7185999751091003], [0.0, 0.0, 0.0, 1.0]], "0052": [[-0.5030619728921676, -0.7261946805032325, 0.4685831491405619, 0.2510500074141967], [0.863647438035768, -0.4021567602643365, 0.3039461896413089, -0.18534740617073575], [-0.03228022903203965, 0.557594299316406, 0.8294858932495118, 0.7226855754852295], [0.0, 0.0, 0.0, 1.0]], "0053": [[-0.5814095871728416, -0.7066034720536439, 0.4033295211800802, 0.20372170872335604], [0.8112915987086924, -0.4660952798870017, 0.35293262076545484, -0.14274737037900087], [-0.06139341741800311, 0.5324161648750303, 0.8442535996437074, 0.7281309360583705], [0.0, 0.0, 0.0, 1.0000001192092896]], "0054": [[-0.6370469897169277, -0.6660244543195027, 0.3880499066293465, 0.16417496296922374], [0.7689607323008874, -0.5141111996138527, 0.37998583789621104, -0.12836439390197252], [-0.0535790361464024, 0.540463864803314, 0.8396595716476442, 0.7337877452373505], [0.0, 0.0, 0.0, 1.0]], "0055": [[-0.7132058218997154, -0.6013596433703324, 0.3601445962680743, 0.12574606900188057], [0.7002293284258585, -0.5878670464134766, 0.40508192590248293, -0.13525165207549206], [-0.0318827778100968, 0.5410905480384824, 0.8403598070144654, 0.7254816591739655], [0.0, 0.0, 0.0, 1.0]], "0056": [[-0.7841403129812176, -0.5328103681895706, 0.3181781819119822, 0.0867140427421359], [0.6204239334514624, -0.661425805472688, 0.4214146654708103, -0.14025657044634265], [-0.014082845300436105, 0.5278534889221189, 0.8492188453674318, 0.7183558637221736], [0.0, 0.0, 0.0, 1.0000001192092896]], "0057": [[-0.87407160116634, -0.41987040077332194, 0.24435155524086458, 0.07275378247038156], [0.4856457025996544, -0.7426613343011143, 0.4610883337740369, -0.11800083231359204], [-0.012126882560551284, 0.5216924548149108, 0.8530474305152894, 0.7155369520187378], [0.0, 0.0, 0.0, 1.0]], "0058": [[-0.9570060719499908, -0.2632483053515781, 0.12181911819019475, 0.045070064712600444], [0.2865381579339662, -0.7926300824529386, 0.5381763028611976, -0.052102121966165815], [-0.04511651024222389, 0.5499438047409057, 0.8339824080467225, 0.7125855982303619], [0.0, 0.0, 0.0, 1.0]], "0059": [[-0.377658473088493, 0.7508843862244219, -0.5417995133654551, -0.6165847481939396], [-0.9257656297362219, -0.3177145720641447, 0.20497671266438583, -0.2780205117912036], [-0.01822382584214228, 0.5789905190467836, 0.8151306509971618, 0.4260287883718766], [0.0, 0.0, 0.0, 0.9999999403953552]], "0060": [[-0.37757547817205944, 0.7429628883534017, -0.5526687590869407, -0.6041362607304518], [-0.9249134539660948, -0.3312215348788229, 0.18662041609187263, -0.2662658275991119], [-0.04440378397703188, 0.5816341638565065, 0.8122376799583434, 0.42431026753583706], [0.0, 0.0, 0.0, 0.9999998807907104]], "0061": [[-0.37261573137511256, 0.7108782089818032, -0.5964979686851597, -0.5868067562958938], [-0.9254615855566584, -0.3320414219253075, 0.1823989972633693, -0.260250975448573], [-0.0683985203504564, 0.6200006604194642, 0.7816142439842223, 0.5027667880058287], [0.0, 0.0, 0.0, 1.0]], "0062": [[-0.35341773947163296, 0.7045563315434943, -0.6153832569810853, -0.5550511701177319], [-0.9330374014785154, -0.3128580801429675, 0.17765496801818645, -0.2409913770980966], [-0.06735976040363328, 0.6369619369506837, 0.76794695854187, 0.6082988375743311], [0.0, 0.0, 0.0, 1.0000001192092896]], "0063": [[-0.41879608656359313, 0.6768146761289737, -0.6054188095890839, -0.5126051667890446], [-0.9064739552424529, -0.351225642978826, 0.23440470178185233, -0.2335592044666337], [-0.05399005115032214, 0.6469641327857972, 0.7606067657470702, 0.6930982473333634], [0.0, 0.0, 0.0, 0.9999999403953552]], "0064": [[-0.4441827087545324, 0.6728935555440088, -0.5915371595446298, -0.4788736174232606], [-0.8939000847828869, -0.37733380776728426, 0.24199584532656326, -0.23540670481085857], [-0.06036945804953593, 0.636265516281128, 0.7691047191619872, 0.7428880631923674], [0.0, 0.0, 0.0, 1.0]], "0065": [[-0.40332793560244146, 0.679284865977409, -0.6131059716394288, -0.45614203145758875], [-0.9134771744133369, -0.33822867876708274, 0.22618807325157586, -0.27458984524433794], [-0.05372387543320673, 0.6512862443923951, 0.7569282054901122, 0.753543897899], [0.0, 0.0, 0.0, 1.0000001192092896]], "0066": [[-0.28877031392788655, 0.7136505463259627, -0.6382121100074221, -0.4524733027050547], [-0.955861921047836, -0.2526575023241849, 0.14997424284119934, -0.32021181883078187], [-0.05421987548470513, 0.6533507704734803, 0.7551113367080687, 0.7601003053625383], [0.0, 0.0, 0.0, 0.9999999403953552]], "0067": [[-0.2523956380833166, 0.7702615803649953, -0.5856567828620097, -0.4341927725107335], [-0.9674653443528921, -0.18991175742351107, 0.16716671561083285, -0.3627618186225842], [0.017538970336317863, 0.6087947487831117, 0.7931341528892516, 0.7554949963410776], [0.0, 0.0, 0.0, 1.0000001192092896]], "0068": [[-0.24304880620327363, 0.7608025066780199, -0.6017533648743317, -0.3974785723251582], [-0.9700126698946684, -0.1895344008751463, 0.15215893624573645, -0.42285124987968614], [0.0017098924145100983, 0.6206903457641603, 0.7840541601181029, 0.7551298141479491], [0.0, 0.0, 0.0, 1.0]], "0069": [[-0.20730950607240825, 0.7921563303367751, -0.5740309259687177, -0.36622712501689214], [-0.9782283088126191, -0.1620942516526262, 0.12959579844045255, -0.467380708987633], [0.009612989611923549, 0.588399648666382, 0.8085133433341979, 0.7572005981524866], [0.0, 0.0, 0.0, 1.0000001192092896]], "0070": [[-0.09177008821137454, 0.8053406370547874, -0.5856660991707018, -0.37865675584071773], [-0.9953564169450536, -0.09134573078913971, 0.0303577114874207, -0.5047002094965269], [-0.029049774631857997, 0.585732400417328, 0.8099838495254515, 0.7649597826441087], [0.0, 0.0, 0.0, 0.9999999403953552]], "0071": [[0.03413146426313189, 0.8099101976134152, -0.5855601146207464, -0.4287785832671419], [-0.9990619697100654, 0.012025744504707525, -0.04160062648715776, -0.5742074734974296], [-0.026650940999388795, 0.5864306688308717, 0.8095608949661254, 0.7755915823419847], [0.0, 0.0, 0.0, 0.9999999403953552]], "0072": [[0.11378793172094316, 0.8023014078363826, -0.5859734935986587, -0.4717601318785662], [-0.9934618781126082, 0.0863828735573559, -0.07464326114432977, -0.6328219173042215], [-0.00926832295954236, 0.5906357169151307, 0.8068851232528685, 0.7903026342391966], [0.0, 0.0, 0.0, 1.0]], "0073": [[0.1416799552264521, 0.8010064998137562, -0.5816489138541561, -0.480823316919725], [-0.9899075535264722, 0.11278099624732485, -0.08581076623479948, -0.6526495087815547], [-0.0031360399443657, 0.5879362821578982, 0.8089011907577514, 0.7933795156915939], [0.0, 0.0, 0.0, 0.9999999403953552]], "0074": [[0.1432890969302721, 0.8119794580388833, -0.5658247821486982, -0.47190909629763567], [-0.9896549757514057, 0.12169128601444114, -0.0759881272274829, -0.6625816287978592], [0.007155152037739675, 0.5708595514297488, 0.8210165500640868, 0.7869045138359068], [0.0, 0.0, 0.0, 1.0]], "0075": [[0.8925814960820064, 0.30222757100301356, -0.3345995904370815, -0.2951606837633562], [-0.44729134023915307, 0.500002483260841, -0.7415714372986347, -0.9956657683660374], [-0.0568226948380469, 0.8115764260292054, 0.5814767479896544, 0.4336454868316649], [0.0, 0.0, 0.0, 1.0]], "0076": [[0.9200097653094943, 0.26637572064567094, -0.28744796916700993, -0.28373612514174634], [-0.3895967365404535, 0.542337067453742, -0.7443690544162505, -0.9976766711543343], [-0.04238813742995248, 0.7968154549598695, 0.6027344465255736, 0.44714444875717146], [0.0, 0.0, 0.0, 1.0]], "0077": [[0.935071951401438, 0.23763175849655702, -0.26300518279464147, -0.2776328607664211], [-0.3540445526491238, 0.5903180028833942, -0.7253806937073826, -0.9870073072358067], [-0.017116853967308856, 0.7713986635208131, 0.6361221075057982, 0.44924467802047713], [0.0, 0.0, 0.0, 1.0]], "0078": [[0.9384859965528592, 0.23229123385055758, -0.25550911295496626, -0.26038626668693715], [-0.34516917564770344, 0.6093634133040108, -0.713816836532155, -0.9758299756408726], [-0.010115534067153785, 0.758100986480713, 0.6520588397979735, 0.4505398872335709], [0.0, 0.0, 0.0, 0.9999999403953552]], "0079": [[0.9424956253513807, 0.23194598640357958, -0.24063055853386994, -0.2406460269462818], [-0.33378445623422737, 0.6165590275624991, -0.713051900905342, -0.9726394170169503], [-0.017026647925376746, 0.7523670196533204, 0.6585242152214049, 0.44725584983825667], [0.0, 0.0, 0.0, 1.0]], "0080": [[0.9564468092516951, 0.20793246506541335, -0.20487434045132122, -0.2190244527873597], [-0.2912871007568798, 0.6341584642820436, -0.7162366562390193, -0.9737385969603715], [-0.01900607533752903, 0.7447196245193483, 0.6671069860458373, 0.4462878110845841], [0.0, 0.0, 0.0, 0.9999999403953552]], "0081": [[0.965518790580488, 0.2039641451614637, -0.16177815041861843, -0.18863723054471787], [-0.257128936231727, 0.6499404934846129, -0.7151658160426377, -0.977801600505757], [-0.04072203114628776, 0.7321038842201234, 0.679974853992462, 0.4492189887007035], [0.0, 0.0, 0.0, 0.9999999403953552]], "0082": [[0.9781107401699357, 0.16906226585575276, -0.12131563692411598, -0.16378091126016758], [-0.20416417871689055, 0.6670586404584264, -0.7164845137758277, -0.9928390137407996], [-0.04020580276846869, 0.7255694270133973, 0.6869736313819884, 0.45449554920196517], [0.0, 0.0, 0.0, 1.0]], "0083": [[0.7645642611506382, -0.29528542973666344, 0.5729293582473343, 0.2949612573994881], [0.6403201190041938, 0.44960894587760314, -0.622769649208344, -0.9840063062029527], [-0.07369934767484643, 0.8430056571960449, 0.5328322052955627, 0.3768270015716552], [0.0, 0.0, 0.0, 1.0]], "0084": [[0.7291826662221802, -0.3388011193984626, 0.5945641916094045, 0.3055600708896694], [0.6804527917903674, 0.45120137543750666, -0.5774092553953368, -0.9545245664736791], [-0.0726412683725355, 0.825609564781189, 0.5595463514328003, 0.3613324165344238], [0.0, 0.0, 0.0, 1.0]], "0085": [[0.6850601344490369, -0.3811341491385063, 0.6208298360607926, 0.3134049440121458], [0.7269330173560177, 0.4132786432863873, -0.5484245911513164, -0.9264763802507817], [-0.04755236580967882, 0.8270054459571838, 0.5601796507835389, 0.37896341085433954], [0.0, 0.0, 0.0, 1.0]], "0086": [[0.6308703852796921, -0.3823418534276424, 0.6751424168492404, 0.33258768599721444], [0.7742939763028523, 0.3659946670655688, -0.5162526410867022, -0.8975133063726144], [-0.04971352592110613, 0.8484472632408142, 0.5269402265548707, 0.4083368185003557], [0.0, 0.0, 0.0, 0.9999999403953552]], "0087": [[0.5665338751225057, -0.38281533806665763, 0.7297203985623729, 0.37626979763502677], [0.8220900019224676, 0.32342772232327227, -0.46857509225679717, -0.8635473752204808], [-0.0566340833902357, 0.8653595447540283, 0.4979413449764253, 0.4475161433219909], [0.0, 0.0, 0.0, 1.0]], "0088": [[0.4845266662566945, -0.4416598422148951, 0.7550964433030682, 0.42345694396453126], [0.8740823700605409, 0.27881650263449886, -0.3977957910920674, -0.845899109948624], [-0.03484291210770588, 0.8527591228485106, 0.5211411118507386, 0.4797507524490356], [0.0, 0.0, 0.0, 1.0]], "0089": [[0.43072674051445814, -0.4528946060874425, 0.7806160291185316, 0.458139614261986], [0.9022351849944346, 0.23634152114525786, -0.36071406204101514, -0.8359525864115908], [-0.02112651988863927, 0.8596682548522948, 0.5104160308837892, 0.4983939820846004], [0.0, 0.0, 0.0, 1.0000001192092896]], "0090": [[0.41969547148324465, -0.4491648823990259, 0.7887376001977455, 0.46959990661271933], [0.9071431181133073, 0.23703544702480986, -0.3477149506367402, -0.8275404733416865], [-0.03077741526067239, 0.8614321947097777, 0.5069395303726197, 0.5068443715572357], [0.0, 0.0, 0.0, 1.0]], "0091": [[0.28813241891305014, -0.6714434683240575, 0.6827470031231946, 0.6973557998661121], [0.9575564981521486, 0.2080440300796073, -0.19950764569626017, -0.6991047707492312], [-0.00808335840702041, 0.7112534642219542, 0.7028892636299134, 0.7083002924919128], [0.0, 0.0, 0.0, 1.0]], "0092": [[0.3518530658830604, -0.7775309258426398, 0.5211959213700105, 0.6884340888037364], [0.9356718168728849, 0.27621039884493914, -0.21960444431950862, -0.6936130920753499], [0.026789501309395006, 0.5649368166923522, 0.8246992230415345, 0.7559247612953186], [0.0, 0.0, 0.0, 1.0]], "0093": [[0.32396262007844884, -0.7790777636142134, 0.5367365782710617, 0.7009491540555143], [0.9460681902568142, 0.2678421958881183, -0.18225114389264713, -0.6899735328329879], [-0.0017729162937028546, 0.5668319463729857, 0.8238315582275392, 0.8054949495037356], [0.0, 0.0, 0.0, 0.9999999403953552]], "0094": [[0.29189368709205293, -0.7682004644737362, 0.5697949884207932, 0.7122714224637803], [0.9564502316201958, 0.2337866848871792, -0.17477660099200837, -0.6818930056945773], [0.0010530105791987587, 0.5959966182708739, 0.8029862046241761, 0.8627063930034637], [0.0, 0.0, 0.0, 1.0]], "0095": [[0.3033115727953931, -0.7565793004869208, 0.579301465595737, 0.7199264139863226], [0.9528546269074881, 0.2461640516794121, -0.17740202537595062, -0.6675460551451635], [-0.008384493179619151, 0.6057981252670287, 0.7955744266510011, 0.9112496078014374], [0.0, 0.0, 0.0, 1.0]], "0096": [[0.2984344957189311, -0.7453851542625918, 0.5961023866409141, 0.7218006256026019], [0.9541774905325414, 0.218635562460389, -0.20431350815953433, -0.6582726293605037], [0.02196306549012677, 0.6297616362571715, 0.7764781117439271, 0.9460985064506531], [0.0, 0.0, 0.0, 1.0]], "0097": [[0.2642301739355658, -0.7585986860107696, 0.5955758470914484, 0.7140613514119698], [0.9630259192820172, 0.173861743761138, -0.20579945586496823, -0.6585775939113137], [0.05257135629653946, 0.627933382987976, 0.7764896750450135, 0.9691187925636768], [0.0, 0.0, 0.0, 1.0]], "0098": [[0.2758628351140153, -0.7371183246989316, 0.6168924484775202, 0.7151312826250885], [0.9608925556918, 0.19533164115666424, -0.19629337176590161, -0.6507630323871324], [0.02419284544885174, 0.6469174027442931, 0.762176275253296, 0.995511144594456], [0.0, 0.0, 0.0, 0.9999999403953552]], "0099": [[0.2559490488508285, -0.7582962805064932, 0.5995639607284323, 0.7113106826185792], [0.9665131801758743, 0.18886418650940356, -0.17373139999875836, -0.6509983392612955], [0.01850366406142727, 0.623952805995941, 0.7812429666519166, 1.0083324204226294], [0.0, 0.0, 0.0, 0.9999999403953552]]}