{"K": [[1111.111111111111, 0, 400.0], [0.0, 1111.111111111111, 400.0], [0.0, 0.0, 1.0]], "0000": [[0.8737788200378418, -0.2579543888568878, 0.41227442026138306, 1.4841878414154053], [0.48632359504699707, 0.4634672999382019, -0.7407344579696655, -2.6666438579559326], [-1.4901161193847656e-08, 0.8477367162704468, 0.5304172039031982, 1.9095017910003662], [0.0, 0.0, 0.0, 1.0]], "0001": [[0.36659279465675354, 0.43679168820381165, -0.8214759230613708, -2.9573135375976562], [-0.9303814768791199, 0.17210648953914642, -0.32368138432502747, -1.1652530431747437], [0.0, 0.8829452991485596, 0.4694758653640747, 1.6901131868362427], [0.0, 0.0, 0.0, 1.0]], "0002": [[-0.2324731945991516, -0.24515171349048615, 0.9411996603012085, 3.3883190155029297], [0.9726028442382812, -0.05859658122062683, 0.22496715188026428, 0.8098818063735962], [0.0, 0.9677123427391052, 0.25205734372138977, 0.9074064493179321], [0.0, 0.0, 0.0, 1.0]], "0003": [[-0.7570289969444275, -0.16982802748680115, 0.6309244632720947, 2.2713279724121094], [0.6533814072608948, -0.19676828384399414, 0.7310096025466919, 2.631634473800659], [7.450581485102248e-09, 0.9656296372413635, 0.25992175936698914, 0.935718297958374], [0.0, 0.0, 0.0, 1.0]], "0004": [[-0.823273777961731, -0.01273318286985159, -0.5675017237663269, -2.043006420135498], [-0.5676445960998535, 0.018467357382178307, 0.8230665326118469, 2.9630396366119385], [0.0, 0.9997484683990479, -0.02243161015212536, -0.08075380325317383], [0.0, 0.0, 0.0, 1.0]], "0005": [[-0.05293373018503189, 0.47662287950515747, -0.8775128126144409, -3.159045934677124], [-0.9985980987548828, -0.02526484616100788, 0.04651523381471634, 0.16745483875274658], [-1.862645149230957e-09, 0.8787447214126587, 0.4772920608520508, 1.718251347541809], [0.0, 0.0, 0.0, 1.0]], "0006": [[-0.07200589030981064, 0.586269199848175, -0.8069098591804504, -2.9048757553100586], [-0.9974042177200317, -0.042324699461460114, 0.05825347080826759, 0.20971250534057617], [0.0, 0.8090099096298218, 0.5877949595451355, 2.1160619258880615], [0.0, 0.0, 0.0, 1.0]], "0007": [[0.9202798008918762, -0.13858358561992645, 0.36589592695236206, 1.317225456237793], [0.39126113057136536, 0.32596051692962646, -0.8606186509132385, -3.0982272624969482], [-7.450581485102248e-09, 0.9351707100868225, 0.3541972041130066, 1.2751100063323975], [0.0, 0.0, 0.0, 1.0]], "0008": [[0.7172513604164124, -0.454365074634552, 0.5283018946647644, 1.9018868207931519], [0.6968145370483398, 0.4676910936832428, -0.5437964200973511, -1.9576671123504639], [1.4901162970204496e-08, 0.7581670880317688, 0.6520602107048035, 2.347416639328003], [0.0, 0.0, 0.0, 1.0]], "0009": [[-0.9638301134109497, 0.005331519991159439, -0.26646435260772705, -0.9592716693878174], [-0.266517698764801, -0.019280819222331047, 0.9636372327804565, 3.4690937995910645], [0.0, 0.999799907207489, 0.020004378631711006, 0.07201576232910156], [0.0, 0.0, 0.0, 1.0]], "0010": [[-0.9872062802314758, 0.12653936445713043, -0.09701338410377502, -0.34924817085266113], [-0.15944845974445343, -0.7834535241127014, 0.6006469130516052, 2.1623287200927734], [0.0, 0.6084310412406921, 0.7936068177223206, 2.8569843769073486], [0.0, 0.0, 0.0, 1.0]], "0011": [[0.5010907053947449, 0.52455073595047, -0.6882982850074768, -2.4778740406036377], [-0.8653948307037354, 0.30373135209083557, -0.3985463082790375, -1.4347667694091797], [0.0, 0.7953575849533081, 0.6061404347419739, 2.182105779647827], [0.0, 0.0, 0.0, 1.0]], "0012": [[-0.38511237502098083, 0.6819105744361877, -0.6218412518501282, -2.238628387451172], [-0.9228698015213013, -0.2845603823661804, 0.25949352979660034, 0.9341766834259033], [0.0, 0.6738125085830688, 0.7389023303985596, 2.660048246383667], [0.0, 0.0, 0.0, 1.0]], "0013": [[0.7240085005760193, -0.45212310552597046, 0.5209571719169617, 1.8754459619522095], [0.6897910833358765, 0.47455090284347534, -0.5467995405197144, -1.9684784412384033], [1.4901161193847656e-08, 0.7552391886711121, 0.6554493308067322, 2.3596177101135254], [0.0, 0.0, 0.0, 1.0]], "0014": [[-0.5825803875923157, 0.37266623973846436, -0.7223018407821655, -2.6002867221832275], [-0.8127731084823608, -0.2671201229095459, 0.5177323222160339, 1.863836407661438], [0.0, 0.8886882066726685, 0.45851200819015503, 1.6506433486938477], [0.0, 0.0, 0.0, 1.0]], "0015": [[0.42344194650650024, -0.5376226305961609, 0.7291494607925415, 2.6249380111694336], [0.9059232473373413, 0.25129279494285583, -0.3408152759075165, -1.2269349098205566], [-1.4901159417490817e-08, 0.8048689365386963, 0.5934526920318604, 2.13642954826355], [0.0, 0.0, 0.0, 1.0]], "0016": [[0.3293602466583252, 0.009193669073283672, 0.9441596269607544, 3.3989744186401367], [0.9442043900489807, -0.0032069634180516005, -0.32934463024139404, -1.185640573501587], [0.0, 0.9999526143074036, -0.009736948646605015, -0.03505301475524902], [0.0, 0.0, 0.0, 1.0]], "0017": [[-0.9785223007202148, -0.12242200970649719, 0.16585226356983185, 0.597068190574646], [0.20614102482795715, -0.581119954586029, 0.7872772216796875, 2.834198236465454], [0.0, 0.8045573234558105, 0.593874990940094, 2.1379501819610596], [0.0, 0.0, 0.0, 1.0]], "0018": [[0.994676947593689, 0.025795364752411842, -0.09976208955049515, -0.3591434955596924], [-0.1030430719256401, 0.24900317192077637, -0.9630054831504822, -3.4668195247650146], [0.0, 0.9681590795516968, 0.2503357529640198, 0.9012086391448975], [0.0, 0.0, 0.0, 1.0]], "0019": [[0.06911131739616394, -0.31159380078315735, 0.9476987719535828, 3.411715507507324], [0.99760901927948, 0.02158626914024353, -0.06565368920564651, -0.23635327816009521], [1.862645149230957e-09, 0.9499701857566833, 0.3123406171798706, 1.1244261264801025], [0.0, 0.0, 0.0, 1.0]], "0020": [[-0.2513529658317566, 0.671612024307251, -0.6969640851020813, -2.509070873260498], [-0.9678955078125, -0.17441104352474213, 0.18099471926689148, 0.6515810489654541], [-7.450580596923828e-09, 0.7200820446014404, 0.6938889622688293, 2.498000383377075], [0.0, 0.0, 0.0, 1.0]], "0021": [[0.999969482421875, 0.004991256631910801, -0.006008876953274012, -0.021631956100463867], [-0.007811481598764658, 0.638944685459137, -0.769213080406189, -2.769166946411133], [2.3283061589829401e-10, 0.7692365646362305, 0.6389642357826233, 2.3002710342407227], [0.0, 0.0, 0.0, 1.0]], "0022": [[0.32671838998794556, -0.4794885218143463, 0.8144605159759521, 2.9320576190948486], [0.9451217651367188, 0.1657540202140808, -0.28155022859573364, -1.0135807991027832], [0.0, 0.8617518544197083, 0.5073299407958984, 1.826387643814087], [0.0, 0.0, 0.0, 1.0]], "0023": [[0.5009072422981262, 0.38742509484291077, -0.7739468812942505, -2.7862086296081543], [-0.8655010461807251, 0.2242216318845749, -0.44792044162750244, -1.612513542175293], [1.4901162970204496e-08, 0.8942183256149292, 0.44763103127479553, 1.6114716529846191], [0.0, 0.0, 0.0, 1.0]], "0024": [[-0.9563008546829224, -0.23409795761108398, 0.17517711222171783, 0.6306376457214355], [0.2923848330974579, -0.765662431716919, 0.5729504823684692, 2.062621831893921], [-1.4901162970204496e-08, 0.5991321802139282, 0.8006501197814941, 2.882340669631958], [0.0, 0.0, 0.0, 1.0]], "0025": [[0.9188174605369568, -0.273748517036438, 0.28431710600852966, 1.0235416889190674], [0.39468273520469666, 0.6372838020324707, -0.6618873476982117, -2.3827946186065674], [0.0, 0.7203688025474548, 0.6935912370681763, 2.4969286918640137], [0.0, 0.0, 0.0, 1.0]], "0026": [[0.9373925924301147, 0.04763389378786087, -0.3450016379356384, -1.2420058250427246], [-0.34827443957328796, 0.1282082349061966, -0.9285836815834045, -3.3429009914398193], [-3.7252898543727042e-09, 0.9906026721000671, 0.13677114248275757, 0.49237608909606934], [0.0, 0.0, 0.0, 1.0]], "0027": [[-0.9690148234367371, 0.1203138679265976, -0.21571965515613556, -0.7765907049179077], [-0.24700284004211426, -0.4720023572444916, 0.8462880253791809, 3.0466368198394775], [0.0, 0.8733489513397217, 0.4870951473712921, 1.753542423248291], [0.0, 0.0, 0.0, 1.0]], "0028": [[-0.9279142022132874, 0.24313145875930786, -0.28259947896003723, -1.0173581838607788], [-0.3727940320968628, -0.605173647403717, 0.7034127116203308, 2.5322859287261963], [0.0, 0.7580580115318298, 0.6521871089935303, 2.3478736877441406], [0.0, 0.0, 0.0, 1.0]], "0029": [[0.27168455719947815, 0.6033417582511902, -0.7497774958610535, -2.6991989612579346], [-0.9623863697052002, 0.17032518982887268, -0.21166443824768066, -0.7619919180870056], [0.0, 0.7790815830230713, 0.6269225478172302, 2.2569210529327393], [0.0, 0.0, 0.0, 1.0]], "0030": [[-0.9608863592147827, 0.04719897359609604, -0.2728913128376007, -0.9824086427688599], [-0.2769429683685303, -0.1637624204158783, 0.9468287229537964, 3.408583164215088], [0.0, 0.9853700399398804, 0.17042852938175201, 0.6135426759719849], [0.0, 0.0, 0.0, 1.0]], "0031": [[0.7829525470733643, -0.48731762170791626, 0.386661171913147, 1.3919801712036133], [0.6220813989639282, 0.6133386492729187, -0.48665228486061096, -1.7519481182098389], [-1.4901159417490817e-08, 0.6215603947639465, 0.783366322517395, 2.8201186656951904], [0.0, 0.0, 0.0, 1.0]], "0032": [[0.999898374080658, 0.0028147457633167505, -0.013977586291730404, -0.05031931400299072], [-0.014258181676268578, 0.19739261269569397, -0.9802207946777344, -3.528795003890991], [0.0, 0.9803204536437988, 0.19741268455982208, 0.7106857299804688], [0.0, 0.0, 0.0, 1.0]], "0033": [[0.9991167783737183, -0.021758178249001503, 0.035950109362602234, 0.12942039966583252], [0.04202176630496979, 0.5173262357711792, -0.8547559976577759, -3.0771217346191406], [-1.862645149230957e-09, 0.8555117249488831, 0.5177834630012512, 1.864020586013794], [0.0, 0.0, 0.0, 1.0]], "0034": [[0.6322735548019409, -0.061104875057935715, 0.772331714630127, 2.7803940773010254], [0.7747452259063721, 0.04986800625920296, -0.6303039193153381, -2.2690939903259277], [0.0, 0.9968848824501038, 0.07887092232704163, 0.2839353084564209], [0.0, 0.0, 0.0, 1.0]], "0035": [[-0.8973920345306396, -0.2613530158996582, 0.35550278425216675, 1.2798099517822266], [0.4412342309951782, -0.5315456390380859, 0.7230295538902283, 2.6029062271118164], [0.0, 0.8057008385658264, 0.5923226475715637, 2.13236141204834], [0.0, 0.0, 0.0, 1.0]], "0036": [[-0.6235294342041016, 0.45206207036972046, -0.6378487348556519, -2.296255350112915], [-0.7817999720573425, -0.36054491996765137, 0.5087202191352844, 1.831392765045166], [0.0, 0.8158721327781677, 0.5782324075698853, 2.081636667251587], [0.0, 0.0, 0.0, 1.0]], "0037": [[-0.9202503561973572, 0.031662467867136, -0.3900472819805145, -1.4041701555252075], [-0.3913303017616272, -0.07445729523897171, 0.9172332286834717, 3.302039384841919], [1.862645149230957e-09, 0.9967214465141296, 0.0809098333120346, 0.29127538204193115], [0.0, 0.0, 0.0, 1.0]], "0038": [[0.12114919722080231, 0.46154436469078064, -0.8788058757781982, -3.163701057434082], [-0.9926343560218811, 0.056330639868974686, -0.10725664347410202, -0.3861238956451416], [0.0, 0.8853269815444946, 0.46496912837028503, 1.6738888025283813], [0.0, 0.0, 0.0, 1.0]], "0039": [[-0.5771844983100891, 0.49160268902778625, -0.6520620584487915, -2.3474233150482178], [-0.8166139125823975, -0.347465842962265, 0.4608789086341858, 1.6591639518737793], [1.4901162970204496e-08, 0.7984949946403503, 0.602001428604126, 2.1672050952911377], [0.0, 0.0, 0.0, 1.0]], "0040": [[0.41587334871292114, -0.45798543095588684, 0.7856836318969727, 2.828460931777954], [0.9094226360321045, 0.2094338983297348, -0.3592882752418518, -1.2934377193450928], [1.4901162970204496e-08, 0.863936722278595, 0.5036002397537231, 1.8129608631134033], [0.0, 0.0, 0.0, 1.0]], "0041": [[0.8517959117889404, 0.005478445906192064, -0.5238450765609741, -1.8858424425125122], [-0.5238737463951111, 0.008907713927328587, -0.8517493009567261, -3.066297769546509], [0.0, 0.999945342540741, 0.010457567870616913, 0.037647247314453125], [0.0, 0.0, 0.0, 1.0]], "0042": [[-0.182926744222641, 0.6273348927497864, -0.7569602131843567, -2.7250566482543945], [-0.9831266403198242, -0.11672589182853699, 0.14084479212760925, 0.5070412158966064], [0.0, 0.7699518799781799, 0.6381019353866577, 2.2971668243408203], [0.0, 0.0, 0.0, 1.0]], "0043": [[-0.9748214483261108, -0.16928890347480774, 0.14513592422008514, 0.5224893093109131], [0.22298693656921387, -0.7400722503662109, 0.6344838738441467, 2.284141778945923], [-7.450580596923828e-09, 0.6508719325065613, 0.759187638759613, 2.7330753803253174], [0.0, 0.0, 0.0, 1.0]], "0044": [[0.9754210710525513, -0.06533744931221008, 0.21043968200683594, 0.7575829029083252], [0.22034937143325806, 0.2892294228076935, -0.9315537810325623, -3.3535938262939453], [0.0, 0.9550274610519409, 0.2965174913406372, 1.0674630403518677], [0.0, 0.0, 0.0, 1.0]], "0045": [[-0.9575024247169495, -0.14691273868083954, 0.24820537865161896, 0.893539309501648], [0.2884255051612854, -0.4877144992351532, 0.8239814043045044, 2.9663329124450684], [-7.450580596923828e-09, 0.8605529069900513, 0.509361207485199, 1.833700180053711], [0.0, 0.0, 0.0, 1.0]], "0046": [[-0.4618748426437378, 0.47421133518218994, -0.749530017375946, -2.698307991027832], [-0.8869452476501465, -0.24694454669952393, 0.3903161585330963, 1.4051381349563599], [0.0, 0.845069169998169, 0.5346569418907166, 1.9247649908065796], [0.0, 0.0, 0.0, 1.0]], "0047": [[-0.4395296275615692, -0.6953607797622681, 0.5685834288597107, 2.0469002723693848], [0.898228108882904, -0.3402606248855591, 0.2782247066497803, 1.0016088485717773], [1.4901161193847656e-08, 0.6330056190490723, 0.7741472125053406, 2.7869298458099365], [0.0, 0.0, 0.0, 1.0]], "0048": [[0.6121893525123596, -0.002371165668591857, 0.7907077074050903, 2.8465476036071777], [0.7907112836837769, 0.00183581851888448, -0.6121866106987, -2.203871726989746], [1.1641532182693481e-10, 0.9999955296516418, 0.0029987760353833437, 0.01079559326171875], [0.0, 0.0, 0.0, 1.0]], "0049": [[0.08362282812595367, -0.7849686741828918, 0.6138659715652466, 2.2099173069000244], [0.9964975118637085, 0.06587202101945877, -0.051513634622097015, -0.18544907867908478], [-3.725290298461914e-09, 0.616023600101471, 0.7877277135848999, 2.835819721221924], [0.0, 0.0, 0.0, 1.0]], "0050": [[0.06881430000066757, -0.305292546749115, 0.9497690200805664, 3.41916823387146], [0.9976295232772827, 0.02105841226875782, -0.0655129924416542, -0.23584675788879395], [1.8626449271863521e-09, 0.9520257711410522, 0.3060179650783539, 1.101664662361145], [0.0, 0.0, 0.0, 1.0]], "0051": [[-0.9791058301925659, 0.13161548972129822, -0.15501368045806885, -0.558049201965332], [-0.20335161685943604, -0.6337077617645264, 0.7463663220405579, 2.6869187355041504], [0.0, 0.7622938752174377, 0.6472311019897461, 2.3300318717956543], [0.0, 0.0, 0.0, 1.0]], "0052": [[0.7170884013175964, 0.032232146710157394, -0.6962365508079529, -2.506451368331909], [-0.6969822645187378, 0.033161964267492294, -0.7163212299346924, -2.578756332397461], [1.8626449271863521e-09, 0.9989302158355713, 0.04624529182910919, 0.1664830446243286], [0.0, 0.0, 0.0, 1.0]], "0053": [[0.8050856590270996, 0.0059586940333247185, 0.5931286811828613, 2.135263204574585], [0.5931586027145386, -0.008087649941444397, -0.8050450682640076, -2.8981621265411377], [0.0, 0.9999496340751648, -0.010045700706541538, -0.03616452217102051], [0.0, 0.0, 0.0, 1.0]], "0054": [[-0.13742612302303314, -0.07020532339811325, 0.9880209565162659, 3.556875228881836], [0.9905120730400085, -0.00974046066403389, 0.13708049058914185, 0.49348974227905273], [-9.313225746154785e-10, 0.9974850416183472, 0.070877805352211, 0.2551600933074951], [0.0, 0.0, 0.0, 1.0]], "0055": [[-0.5886346101760864, 0.6003223657608032, -0.5414077639579773, -1.9490678310394287], [-0.8083992004394531, -0.43712374567985535, 0.39422520995140076, 1.41921067237854], [1.4901161193847656e-08, 0.66972815990448, 0.7426063418388367, 2.6733827590942383], [0.0, 0.0, 0.0, 1.0]], "0056": [[-0.6130660176277161, -0.1574462354183197, 0.7741839289665222, 2.787062406539917], [0.7900317907333374, -0.12217853963375092, 0.6007680296897888, 2.1627650260925293], [-7.450581485102248e-09, 0.9799403548240662, 0.19929100573062897, 0.7174476385116577], [0.0, 0.0, 0.0, 1.0]], "0057": [[-0.9758861660957336, 0.07943391054868698, -0.20331357419490814, -0.731928825378418], [-0.21827998757362366, -0.35513314604759216, 0.9089743494987488, 3.2723073959350586], [0.0, 0.931434690952301, 0.3639083802700043, 1.3100701570510864], [0.0, 0.0, 0.0, 1.0]], "0058": [[0.2279176115989685, -0.2691981792449951, 0.9357275366783142, 3.368618965148926], [0.9736804962158203, 0.0630134865641594, -0.2190336287021637, -0.7885210514068604], [0.0, 0.9610211849212646, 0.27647489309310913, 0.9953095316886902], [0.0, 0.0, 0.0, 1.0]], "0059": [[-0.9086360931396484, -0.01056184433400631, 0.4174554646015167, 1.5028395652770996], [0.41758909821510315, -0.022981617599725723, 0.9083453416824341, 3.270043134689331], [-9.31322685637781e-10, 0.9996800422668457, 0.02529243752360344, 0.09105277061462402], [0.0, 0.0, 0.0, 1.0]], "0060": [[0.9068903923034668, -0.29308098554611206, 0.30274325609207153, 1.0898756980895996], [0.421366810798645, 0.630786120891571, -0.6515818238258362, -2.3456945419311523], [0.0, 0.7184791564941406, 0.6955484747886658, 2.503974437713623], [0.0, 0.0, 0.0, 1.0]], "0061": [[-0.15048110485076904, 0.3799669146537781, -0.9126777648925781, -3.285639762878418], [-0.988612949848175, -0.05783642455935478, 0.13892267644405365, 0.5001215934753418], [3.725290298461914e-09, 0.923190176486969, 0.3843435049057007, 1.3836365938186646], [0.0, 0.0, 0.0, 1.0]], "0062": [[0.900785505771637, 0.037889476865530014, -0.432608425617218, -1.5573904514312744], [-0.43426454067230225, 0.07859332114458084, -0.8973502516746521, -3.2304611206054688], [0.0, 0.996186375617981, 0.0872497707605362, 0.31409919261932373], [0.0, 0.0, 0.0, 1.0]], "0063": [[-0.9991788864135742, 0.023566586896777153, -0.03295693174004555, -0.11864495277404785], [-0.0405159667134285, -0.5811841487884521, 0.8127628564834595, 2.9259462356567383], [0.0, 0.8134307861328125, 0.5816617608070374, 2.093982219696045], [0.0, 0.0, 0.0, 1.0]], "0064": [[0.40148842334747314, 0.6430020928382874, -0.6521927714347839, -2.3478939533233643], [-0.915864109992981, 0.28187355399131775, -0.2859025001525879, -1.0292489528656006], [-1.4901161193847656e-08, 0.712106466293335, 0.702071487903595, 2.5274572372436523], [0.0, 0.0, 0.0, 1.0]], "0065": [[-0.1679338812828064, 0.6762284636497498, -0.7172958254814148, -2.5822649002075195], [-0.9857982993125916, -0.11519768089056015, 0.12219363451004028, 0.4398970603942871], [0.0, 0.7276294231414795, 0.6859704256057739, 2.4694933891296387], [0.0, 0.0, 0.0, 1.0]], "0066": [[0.999812126159668, 0.0010843263007700443, -0.01935548335313797, -0.06967973709106445], [-0.01938583329319954, 0.05592344328761101, -0.9982469081878662, -3.593688726425171], [-1.1641532182693481e-10, 0.9984344840049744, 0.055933959782123566, 0.2013622522354126], [0.0, 0.0, 0.0, 1.0]], "0067": [[0.02818092703819275, -0.6100881695747375, 0.7918322682380676, 2.8505959510803223], [0.9996029138565063, 0.01719968020915985, -0.022323431447148323, -0.08036434650421143], [0.0, 0.7921468615531921, 0.6103305816650391, 2.197190046310425], [0.0, 0.0, 0.0, 1.0]], "0068": [[-0.7765636444091797, 0.4926677346229553, -0.3927180767059326, -1.4137849807739258], [-0.6300389170646667, -0.6072447896003723, 0.48405033349990845, 1.7425811290740967], [-2.9802322387695312e-08, 0.6233235597610474, 0.781964123249054, 2.815070629119873], [0.0, 0.0, 0.0, 1.0]], "0069": [[0.27352800965309143, -0.11970453709363937, 0.954386293888092, 3.435790538787842], [0.9618641138076782, 0.03404071182012558, -0.2714014947414398, -0.9770452976226807], [0.0, 0.9922258257865906, 0.12445056438446045, 0.4480220079421997], [0.0, 0.0, 0.0, 1.0]], "0070": [[-0.9941953420639038, 0.02440711297094822, -0.10478603094816208, -0.3772296905517578], [-0.10759099572896957, -0.2255340814590454, 0.9682760834693909, 3.4857938289642334], [3.725290742551124e-09, 0.9739294648170471, 0.2268509417772293, 0.8166633248329163], [0.0, 0.0, 0.0, 1.0]], "0071": [[0.8796975612640381, 0.09696043282747269, -0.4655437171459198, -1.6759573221206665], [-0.47553369402885437, 0.17936868965625763, -0.8612169623374939, -3.1003808975219727], [0.0, 0.9789921045303345, 0.2038981318473816, 0.7340332269668579], [0.0, 0.0, 0.0, 1.0]], "0072": [[0.5774818658828735, 0.33507004380226135, -0.7444748282432556, -2.6801092624664307], [-0.8164035081863403, 0.23701132833957672, -0.5266032218933105, -1.8957715034484863], [0.0, 0.9118956923484802, 0.41042208671569824, 1.4775193929672241], [0.0, 0.0, 0.0, 1.0]], "0073": [[0.02887147292494774, 0.421915739774704, -0.9061753153800964, -3.26223087310791], [-0.9995831251144409, 0.01218640897423029, -0.026173526421189308, -0.09422469139099121], [9.313224635931761e-10, 0.9065532088279724, 0.42209169268608093, 1.5195300579071045], [0.0, 0.0, 0.0, 1.0]], "0074": [[0.9920647144317627, 0.060139380395412445, -0.11041243374347687, -0.39748477935791016], [-0.12572848796844482, 0.47453173995018005, -0.871212899684906, -3.136366605758667], [0.0, 0.8781816363334656, 0.47832736372947693, 1.7219786643981934], [0.0, 0.0, 0.0, 1.0]], "0075": [[-0.7928498983383179, 0.48440080881118774, -0.36979034543037415, -1.3312451839447021], [-0.6094169020652771, -0.6302042603492737, 0.4810963273048401, 1.7319467067718506], [0.0, 0.6067935824394226, 0.7948594093322754, 2.8614938259124756], [0.0, 0.0, 0.0, 1.0]], "0076": [[-0.960692822933197, 0.02835986576974392, -0.2761612832546234, -0.9941806793212891], [-0.27761363983154297, -0.0981404110789299, 0.9556668400764465, 3.4404008388519287], [1.862645149230957e-09, 0.9947684407234192, 0.10215586423873901, 0.36776113510131836], [0.0, 0.0, 0.0, 1.0]], "0077": [[0.9101028442382812, -0.049582649022340775, 0.41140544414520264, 1.4810596704483032], [0.41438257694244385, 0.10889770835638046, -0.9035642147064209, -3.25283145904541], [0.0, 0.9928156137466431, 0.11965428292751312, 0.4307554364204407], [0.0, 0.0, 0.0, 1.0]], "0078": [[0.4604489505290985, -0.3945617973804474, 0.7951778769493103, 2.862640142440796], [0.8876862525939941, 0.20466192066669464, -0.4124642312526703, -1.4848711490631104], [0.0, 0.8957870602607727, 0.4444833993911743, 1.6001402139663696], [0.0, 0.0, 0.0, 1.0]], "0079": [[0.9713851809501648, 0.10038015246391296, -0.2152550369501114, -0.7749180793762207], [-0.2375098168849945, 0.41054216027259827, -0.8803659677505493, -3.1693172454833984], [0.0, 0.9062996506690979, 0.42263588309288025, 1.521489143371582], [0.0, 0.0, 0.0, 1.0]], "0080": [[-0.08690877258777618, -0.5436875224113464, 0.8347759246826172, 3.0051932334899902], [0.9962162971496582, -0.047430675476789474, 0.07282489538192749, 0.26216959953308105], [0.0, 0.8379464745521545, 0.5457524657249451, 1.9647088050842285], [0.0, 0.0, 0.0, 1.0]], "0081": [[0.8291755318641663, 0.38981667160987854, -0.4006381332874298, -1.4422972202301025], [-0.5589883327484131, 0.5782346725463867, -0.5942867398262024, -2.139432191848755], [-2.9802322387695312e-08, 0.7167200446128845, 0.6973610520362854, 2.5104997158050537], [0.0, 0.0, 0.0, 1.0]], "0082": [[-0.06825786828994751, 0.5519493818283081, -0.8310793042182922, -2.9918854236602783], [-0.9976677298545837, -0.03776296228170395, 0.056860316544771194, 0.2046971321105957], [0.0, 0.8330221176147461, 0.5532397031784058, 1.9916627407073975], [0.0, 0.0, 0.0, 1.0]], "0083": [[-0.3543922007083893, 0.024552781134843826, -0.9347743988037109, -3.3651881217956543], [-0.9350968599319458, -0.009305255487561226, 0.35427001118659973, 1.2753721475601196], [0.0, 0.9996551871299744, 0.02625693753361702, 0.09452497959136963], [0.0, 0.0, 0.0, 1.0]], "0084": [[0.49980831146240234, 0.5772853493690491, -0.6457037925720215, -2.324533462524414], [-0.8661361336708069, 0.333125501871109, -0.37260672450065613, -1.3413841724395752], [-1.4901161193847656e-08, 0.7454992532730103, 0.6665064692497253, 2.399423122406006], [0.0, 0.0, 0.0, 1.0]], "0085": [[0.9847086668014526, -0.12108670920133591, 0.12524758279323578, 0.45089125633239746], [0.17420950531959534, 0.6844353079795837, -0.7079544067382812, -2.548635721206665], [0.0, 0.7189480662345886, 0.6950638294219971, 2.502229690551758], [0.0, 0.0, 0.0, 1.0]], "0086": [[0.1509167104959488, -0.0606515109539032, 0.9866841435432434, 3.552062749862671], [0.9885464906692505, 0.009259379468858242, -0.15063239634037018, -0.5422766208648682], [0.0, 0.9981160163879395, 0.06135424226522446, 0.22087526321411133], [0.0, 0.0, 0.0, 1.0]], "0087": [[-0.3851684033870697, 0.1766306757926941, -0.9057852625846863, -3.26082706451416], [-0.9228463172912598, -0.07372034341096878, 0.3780476152896881, 1.360971450805664], [7.450580596923828e-09, 0.9815126061439514, 0.19139772653579712, 0.6890318393707275], [0.0, 0.0, 0.0, 1.0]], "0088": [[-0.2645280659198761, -0.08202849328517914, 0.9608830809593201, 3.459178924560547], [0.9643779993057251, -0.02250034734606743, 0.2635694146156311, 0.9488497972488403], [0.0, 0.9963759779930115, 0.08505845814943314, 0.3062104284763336], [0.0, 0.0, 0.0, 1.0]], "0089": [[-0.9629257917404175, 0.1399821937084198, -0.2306053787469864, -0.8301793336868286], [-0.26976630091667175, -0.4996638894081116, 0.8231416940689087, 2.9633100032806396], [0.0, 0.8548339605331421, 0.5189017653465271, 1.8680461645126343], [0.0, 0.0, 0.0, 1.0]], "0090": [[-0.7035098075866699, -0.2850882411003113, 0.6509982347488403, 2.3435935974121094], [0.7106855511665344, -0.28220972418785095, 0.644425094127655, 2.3199303150177], [1.4901161193847656e-08, 0.9160143733024597, 0.40114539861679077, 1.444123387336731], [0.0, 0.0, 0.0, 1.0]], "0091": [[0.6961131691932678, -0.15960046648979187, 0.6999673247337341, 2.5198824405670166], [0.7179321646690369, 0.1547500044107437, -0.6786943674087524, -2.4432997703552246], [-7.4505797087454084e-09, 0.9749770164489746, 0.22230583429336548, 0.8003010749816895], [0.0, 0.0, 0.0, 1.0]], "0092": [[0.7042939066886902, -0.055787838995456696, 0.7077131271362305, 2.547767162322998], [0.7099084854125977, 0.055346615612506866, -0.7021158337593079, -2.5276169776916504], [-3.725290298461914e-09, 0.9969074130058289, 0.07858455926179886, 0.28290438652038574], [0.0, 0.0, 0.0, 1.0]], "0093": [[-0.997523844242096, -0.051213279366493225, 0.048202577978372574, 0.1735292673110962], [0.07032985240221024, -0.7263838052749634, 0.6836814880371094, 2.4612531661987305], [0.0, 0.6853786110877991, 0.7281869053840637, 2.6214728355407715], [0.0, 0.0, 0.0, 1.0]], "0094": [[-0.962165117263794, -0.14258408546447754, 0.23218123614788055, 0.8358523845672607], [0.27246713638305664, -0.5035082101821899, 0.8199031949043274, 2.9516513347625732], [1.4901159417490817e-08, 0.8521440029144287, 0.5233075022697449, 1.8839068412780762], [0.0, 0.0, 0.0, 1.0]], "0095": [[0.5330817699432373, 0.2709767520427704, -0.8014957904815674, -2.8853847980499268], [-0.8460637331008911, 0.17073507606983185, -0.5050007104873657, -1.818002462387085], [-1.4901161193847656e-08, 0.9473231434822083, 0.3202793598175049, 1.153005599975586], [0.0, 0.0, 0.0, 1.0]], "0096": [[-0.10095211863517761, 0.556709885597229, -0.8245500922203064, -2.9683802127838135], [-0.994891345500946, -0.05648962780833244, 0.08366750925779343, 0.30120301246643066], [3.725290298461914e-09, 0.8287840485572815, 0.5595685839653015, 2.01444673538208], [0.0, 0.0, 0.0, 1.0]], "0097": [[0.725132405757904, 0.0028375317342579365, -0.6886036992073059, -2.478973388671875], [-0.6886096000671387, 0.0029880297370254993, -0.7251261472702026, -2.6104543209075928], [0.0, 0.9999915957450867, 0.004120667465031147, 0.014834403991699219], [0.0, 0.0, 0.0, 1.0]], "0098": [[-0.995235800743103, -0.03046509064733982, 0.09261626750230789, 0.3334185779094696], [0.09749819338321686, -0.31097960472106934, 0.9454024434089661, 3.403449058532715], [0.0, 0.9499281644821167, 0.3124683201313019, 1.1248860359191895], [0.0, 0.0, 0.0, 1.0]], "0099": [[0.8551894426345825, 0.3675035536289215, -0.36550256609916687, -1.3158091306686401], [-0.5183155536651611, 0.6063587665557861, -0.6030572652816772, -2.171005964279175], [0.0, 0.7051737308502197, 0.7090345025062561, 2.5525240898132324], [0.0, 0.0, 0.0, 1.0]]}