{"K": [[1111.111111111111, 0, 400.0], [0.0, 1111.111111111111, 400.0], [0.0, 0.0, 1.0]], "0000": [[0.6209749579429626, 0.07770892232656479, -0.7799688577651978, -2.7688894271850586], [-0.7838305234909058, 0.061563435941934586, -0.617915689945221, -2.193600654602051], [0.0, 0.9950734972953796, 0.09913996607065201, 0.3519468605518341], [0.0, 0.0, 0.0, 1.0]], "0001": [[-0.7404025793075562, 0.16406938433647156, -0.6518322229385376, -2.31400465965271], [-0.672163724899292, -0.18072590231895447, 0.7180070281028748, 2.5489251613616943], [0.0, 0.9697521924972534, 0.24409140646457672, 0.8665245771408081], [0.0, 0.0, 0.0, 1.0]], "0002": [[-0.4867796301841736, 0.32321158051490784, -0.811529278755188, -2.8809292316436768], [-0.8735248446464539, -0.1801125705242157, 0.4522320330142975, 1.6054238080978394], [1.4901162970204496e-08, 0.9290283918380737, 0.3700084686279297, 1.3135302066802979], [0.0, 0.0, 0.0, 1.0]], "0003": [[0.9884144067764282, 0.0030983183532953262, 0.15174804627895355, 0.538705587387085], [0.1517796814441681, -0.020176762714982033, -0.9882083535194397, -3.5081398487091064], [4.656613428188905e-10, 0.9997916221618652, -0.020413262769579887, -0.07246708869934082], [0.0, 0.0, 0.0, 1.0]], "0004": [[-0.023153431713581085, -0.43888789415359497, 0.8982434868812561, 3.1887643337249756], [0.9997319579124451, -0.01016448624432087, 0.020802995190024376, 0.07385063171386719], [9.313225746154785e-10, 0.8984843492507935, 0.439005583524704, 1.5584697723388672], [0.0, 0.0, 0.0, 1.0]], "0005": [[-0.42669397592544556, 0.5672389268875122, -0.7043949961662292, -2.5006022453308105], [-0.9043961763381958, -0.2676232159137726, 0.33233344554901123, 1.1797837018966675], [1.4901162970204496e-08, 0.7788566946983337, 0.6272018551826477, 2.2265665531158447], [0.0, 0.0, 0.0, 1.0]], "0006": [[0.9715302586555481, -0.13313603401184082, 0.19596879184246063, 0.6956892013549805], [0.23691552877426147, 0.5459570288658142, -0.8036181330680847, -2.85284423828125], [-7.4505797087454084e-09, 0.8271673321723938, 0.5619557499885559, 1.9949427843093872], [0.0, 0.0, 0.0, 1.0]], "0007": [[0.6871466040611267, -0.29364070296287537, 0.6645334959030151, 2.3590939044952393], [0.7265188694000244, 0.2777274250984192, -0.6285204291343689, -2.2312474250793457], [0.0, 0.9146817326545715, 0.40417492389678955, 1.4348208904266357], [0.0, 0.0, 0.0, 1.0]], "0008": [[0.9745653867721558, -0.05815848335623741, 0.21642544865608215, 0.7683103084564209], [0.22410351037979126, 0.25291550159454346, -0.9411755800247192, -3.3411731719970703], [-7.450580596923828e-09, 0.9657387137413025, 0.259516179561615, 0.9212824106216431], [0.0, 0.0, 0.0, 1.0]], "0009": [[-0.7723833322525024, -0.3641290068626404, 0.5204172134399414, 1.8474810123443604], [0.6351566910743713, -0.4427996873855591, 0.6328542232513428, 2.2466323375701904], [0.0, 0.8193524479866028, 0.5732901096343994, 2.035179853439331], [0.0, 0.0, 0.0, 1.0]], "0010": [[-0.32601219415664673, 0.6284935474395752, -0.7061952948570251, -2.506993532180786], [-0.9453656673431396, -0.21673786640167236, 0.24353355169296265, 0.864544153213501], [0.0, 0.7470076680183411, 0.664815366268158, 2.3600947856903076], [0.0, 0.0, 0.0, 1.0]], "0011": [[-0.12271592766046524, 0.3050292432308197, -0.9444034695625305, -3.3526322841644287], [-0.9924419522285461, -0.03771701827645302, 0.11677594482898712, 0.4145545959472656], [-3.725290742551124e-09, 0.9515958428382874, 0.3073522746562958, 1.0911005735397339], [0.0, 0.0, 0.0, 1.0]], "0012": [[-0.9915711879730225, 0.07472873479127884, -0.10584119707345963, -0.3757362365722656], [-0.12956367433071136, -0.5719107985496521, 0.8100193738937378, 2.8755686283111572], [0.0, 0.8169049024581909, 0.5767723321914673, 2.047541618347168], [0.0, 0.0, 0.0, 1.0]], "0013": [[0.37719354033470154, -0.4776228368282318, 0.7934743165969849, 2.816833734512329], [0.926134467124939, 0.19452494382858276, -0.32316410541534424, -1.1472325325012207], [1.4901159417490817e-08, 0.8567594289779663, 0.5157164335250854, 1.8307933807373047], [0.0, 0.0, 0.0, 1.0]], "0014": [[0.7371941208839417, -0.14570999145507812, 0.659782886505127, 2.342229127883911], [0.6756810545921326, 0.15897521376609802, -0.7198485732078552, -2.55546236038208], [7.450581485102248e-09, 0.976470947265625, 0.2156490683555603, 0.7655541896820068], [0.0, 0.0, 0.0, 1.0]], "0015": [[-0.16004310548305511, -0.2533547282218933, 0.9540426731109619, 3.3868517875671387], [0.9871100187301636, -0.04107716307044029, 0.15468180179595947, 0.5491204261779785], [0.0, 0.9665008783340454, 0.25666308403015137, 0.91115403175354], [0.0, 0.0, 0.0, 1.0]], "0016": [[-0.15833021700382233, -0.46774235367774963, 0.8695681095123291, 3.0869667530059814], [0.9873862862586975, -0.07500383257865906, 0.139437735080719, 0.49500393867492676], [7.450581485102248e-09, 0.8806766867637634, 0.47371771931648254, 1.6816978454589844], [0.0, 0.0, 0.0, 1.0]], "0017": [[-0.9556149840354919, 0.0663839727640152, -0.28704217076301575, -1.018999695777893], [-0.2946184575557709, -0.2153209000825882, 0.9310407638549805, 3.305194616317749], [3.725290298461914e-09, 0.9742844104766846, 0.22532181441783905, 0.7998924255371094], [0.0, 0.0, 0.0, 1.0]], "0018": [[-0.8391057252883911, -0.32883596420288086, 0.4333226680755615, 1.5382953882217407], [0.5439683794975281, -0.5072503089904785, 0.6684276461601257, 2.372918128967285], [0.0, 0.7965952754020691, 0.6045129895210266, 2.1460211277008057], [0.0, 0.0, 0.0, 1.0]], "0019": [[-0.9425964951515198, -0.0273269172757864, 0.33281388878822327, 1.1814892292022705], [0.33393388986587524, -0.07713580131530762, 0.9394350647926331, 3.334994316101074], [1.862645149230957e-09, 0.9966460466384888, 0.08183331787586212, 0.2905082702636719], [0.0, 0.0, 0.0, 1.0]], "0020": [[0.7704517245292664, 0.23597757518291473, -0.5922151803970337, -2.1023640632629395], [-0.6374984979629517, 0.28519177436828613, -0.7157243490219116, -2.5408215522766113], [0.0, 0.928967297077179, 0.3701618015766144, 1.3140745162963867], [0.0, 0.0, 0.0, 1.0]], "0021": [[0.851982057094574, 0.17910964787006378, -0.4919820725917816, -1.7465362548828125], [-0.5235710740089417, 0.29145655035972595, -0.8005788326263428, -2.842054843902588], [1.4901161193847656e-08, 0.9396663904190063, 0.342092365026474, 1.2144278287887573], [0.0, 0.0, 0.0, 1.0]], "0022": [[0.7053062319755554, -0.2533828914165497, 0.6620726585388184, 2.3503577709198], [0.7089027762413025, 0.25209739804267883, -0.6587137579917908, -2.3384337425231934], [1.4901161193847656e-08, 0.933940052986145, 0.3574296832084656, 1.2688753604888916], [0.0, 0.0, 0.0, 1.0]], "0023": [[0.35325685143470764, -0.15517979860305786, 0.9225664138793945, 3.2751107215881348], [0.9355263710021973, 0.05859623849391937, -0.34836316108703613, -1.2366892099380493], [3.725290742551124e-09, 0.9861468076705933, 0.16587433218955994, 0.5888538360595703], [0.0, 0.0, 0.0, 1.0]], "0024": [[-0.7864898443222046, -0.3838413953781128, 0.48383828997612, 1.7176260948181152], [0.6176032423973083, -0.4888046681880951, 0.6161462068557739, 2.187319278717041], [-1.4901162970204496e-08, 0.7834128141403198, 0.6215015649795532, 2.2063307762145996], [0.0, 0.0, 0.0, 1.0]], "0025": [[-0.40580037236213684, -0.123246930539608, 0.9056137800216675, 3.2149288654327393], [0.9139618277549744, -0.05472181737422943, 0.4020938575267792, 1.4274331331253052], [0.0, 0.9908661842346191, 0.13484911620616913, 0.47871434688568115], [0.0, 0.0, 0.0, 1.0]], "0026": [[0.8041149973869324, -0.03263838589191437, 0.5935772061347961, 2.10719895362854], [0.5944738984107971, 0.04414830729365349, -0.802902102470398, -2.8503024578094482], [-1.862645149230957e-09, 0.9984917640686035, 0.054902978241443634, 0.19490556418895721], [0.0, 0.0, 0.0, 1.0]], "0027": [[-0.9998778104782104, -0.0038299995940178633, 0.015155969187617302, 0.05380368232727051], [0.01563241146504879, -0.24497383832931519, 0.9694036841392517, 3.441382646560669], [2.3283064365386963e-10, 0.9695221185684204, 0.24500378966331482, 0.8697633147239685], [0.0, 0.0, 0.0, 1.0]], "0028": [[0.9993253946304321, -0.007431880105286837, 0.035965777933597565, 0.1276785135269165], [0.03672560304403305, 0.20222586393356323, -0.9786500930786133, -3.474207639694214], [-4.656612873077393e-10, 0.9793106913566589, 0.20236235857009888, 0.7183863520622253], [0.0, 0.0, 0.0, 1.0]], "0029": [[-0.9730081558227539, -0.09987470507621765, 0.20803919434547424, 0.7385392189025879], [0.2307710349559784, -0.4211052358150482, 0.8771630525588989, 3.113929033279419], [-7.450581485102248e-09, 0.901496171951294, 0.4327869713306427, 1.5363938808441162], [0.0, 0.0, 0.0, 1.0]], "0030": [[0.45586252212524414, -0.15205495059490204, 0.8769655823707581, 3.113227605819702], [0.8900502324104309, 0.0778789147734642, -0.4491608738899231, -1.5945210456848145], [7.450581485102248e-09, 0.9852989315986633, 0.1708386391401291, 0.6064771413803101], [0.0, 0.0, 0.0, 1.0]], "0031": [[0.9143047332763672, 0.005709982011467218, 0.4049866497516632, 1.4377025365829468], [0.4050268828868866, -0.012889671139419079, -0.9142138957977295, -3.2454593181610107], [-4.6566123179658803e-10, 0.9999006986618042, -0.014097783714532852, -0.0500471293926239], [0.0, 0.0, 0.0, 1.0]], "0032": [[-0.7838921546936035, 0.0871080756187439, -0.6147562861442566, -2.182384729385376], [-0.6208970546722412, -0.10997529327869415, 0.7761393785476685, 2.7552947998046875], [0.0, 0.990109920501709, 0.1402939110994339, 0.49804335832595825], [0.0, 0.0, 0.0, 1.0]], "0033": [[-0.6372964978218079, 0.07767385244369507, -0.766694188117981, -2.721764326095581], [-0.770618736743927, -0.06423575431108475, 0.6340509057044983, 2.250880718231201], [-3.725290298461914e-09, 0.9949073195457458, 0.10079413652420044, 0.35781916975975037], [0.0, 0.0, 0.0, 1.0]], "0034": [[-0.6455420255661011, 0.23772534728050232, -0.7257837653160095, -2.5765326023101807], [-0.7637248635292053, -0.20093849301338196, 0.6134722232818604, 2.1778266429901123], [0.0, 0.9503211975097656, 0.31127098202705383, 1.105012059211731], [0.0, 0.0, 0.0, 1.0]], "0035": [[-0.06475625187158585, 0.34684035181999207, -0.9356859922409058, -3.321685552597046], [-0.9979011416435242, -0.02250732108950615, 0.06071896106004715, 0.21555233001708984], [0.0, 0.9376540780067444, 0.3475698232650757, 1.2338730096817017], [0.0, 0.0, 0.0, 1.0]], "0036": [[-0.38516098260879517, 0.39462241530418396, -0.8342207074165344, -2.9614834785461426], [-0.9228494167327881, -0.16469983756542206, 0.34817084670066833, 1.236006498336792], [1.4901161193847656e-08, 0.9039619565010071, 0.42761296033859253, 1.5180259943008423], [0.0, 0.0, 0.0, 1.0]], "0037": [[-0.8434317111968994, 0.30386191606521606, -0.44304749369621277, -1.5728185176849365], [-0.5372365713119507, -0.4770463705062866, 0.6955599784851074, 2.469237804412842], [-1.4901161193847656e-08, 0.8246785402297974, 0.5656017661094666, 2.0078861713409424], [0.0, 0.0, 0.0, 1.0]], "0038": [[-0.7740501761436462, 0.00933952908962965, -0.6330553889274597, -2.247346878051758], [-0.6331242918968201, -0.011418396607041359, 0.7739658951759338, 2.7475790977478027], [-4.656612873077393e-10, 0.9998912215232849, 0.01475149393081665, 0.05236780643463135], [0.0, 0.0, 0.0, 1.0]], "0039": [[0.3292010724544525, -0.11534599959850311, 0.9371883273124695, 3.3270184993743896], [0.9442599415779114, 0.040213532745838165, -0.3267356753349304, -1.1599116325378418], [0.0, 0.9925110340118408, 0.12215493619441986, 0.43365001678466797], [0.0, 0.0, 0.0, 1.0]], "0040": [[0.9739087224006653, 0.037731654942035675, -0.22378134727478027, -0.7944237589836121], [-0.22694000601768494, 0.16192469000816345, -0.960353434085846, -3.409254550933838], [0.0, 0.9860815405845642, 0.166262686252594, 0.5902324914932251], [0.0, 0.0, 0.0, 1.0]], "0041": [[0.5997745990753174, 0.017970914021134377, 0.7999672293663025, 2.83988356590271], [0.8001689910888672, -0.013470275327563286, -0.5996232628822327, -2.128662586212158], [0.0, 0.9997478723526001, -0.022458896040916443, -0.07972908020019531], [0.0, 0.0, 0.0, 1.0]], "0042": [[0.9586638808250427, 0.16755026578903198, -0.22997964918613434, -0.8164277076721191], [-0.2845412492752075, 0.5645029544830322, -0.7748372554779053, -2.7506721019744873], [0.0, 0.8082470893859863, 0.5888435244560242, 2.0903944969177246], [0.0, 0.0, 0.0, 1.0]], "0043": [[-0.0746503695845604, 0.6593955159187317, -0.748080849647522, -2.655686855316162], [-0.9972097873687744, -0.04936184361577034, 0.05600076541304588, 0.19880270957946777], [3.725290298461914e-09, 0.7501739859580994, 0.6612405180931091, 2.3474037647247314], [0.0, 0.0, 0.0, 1.0]], "0044": [[-0.8807368874549866, 0.324146032333374, -0.3452998399734497, -1.2258143424987793], [-0.4736059904098511, -0.6027950644493103, 0.6421335935592651, 2.279574155807495], [1.4901161193847656e-08, 0.7290868163108826, 0.6844212412834167, 2.4296953678131104], [0.0, 0.0, 0.0, 1.0]], "0045": [[-0.8328983783721924, -0.02382431924343109, -0.5529128909111023, -1.9628407955169678], [-0.5534259676933289, 0.03585527092218399, 0.832126259803772, 2.9540481567382812], [0.0, 0.9990729689598083, -0.04304879158735275, -0.15282320976257324], [0.0, 0.0, 0.0, 1.0]], "0046": [[0.827814519405365, -0.09070202708244324, 0.5536210536956787, 1.9653549194335938], [0.5610019564628601, 0.1338399201631546, -0.8169232606887817, -2.9000778198242188], [0.0, 0.9868434071540833, 0.16167864203453064, 0.573959231376648], [0.0, 0.0, 0.0, 1.0]], "0047": [[-0.9620292782783508, -0.18499726057052612, 0.20068800449371338, 0.7124423980712891], [0.2729462683200836, -0.6520432829856873, 0.7073470950126648, 2.511082172393799], [-1.4901161193847656e-08, 0.7352656722068787, 0.6777790188789368, 2.4061155319213867], [0.0, 0.0, 0.0, 1.0]], "0048": [[-0.6333998441696167, -0.017459934577345848, 0.7736276984214783, 2.746378183364868], [0.7738248109817505, -0.014291503466665745, 0.6332385540008545, 2.2479968070983887], [-9.31322685637781e-10, 0.9997454285621643, 0.022563163191080093, 0.08009922504425049], [0.0, 0.0, 0.0, 1.0]], "0049": [[0.9198904037475586, 0.11491411924362183, -0.3749619424343109, -1.3311150074005127], [-0.39217567443847656, 0.26954346895217896, -0.8795138001441956, -3.122274160385132], [-1.4901162970204496e-08, 0.9561071991920471, 0.2930169701576233, 1.0402103662490845], [0.0, 0.0, 0.0, 1.0]], "0050": [[-0.8112624883651733, 0.33842596411705017, -0.4767819941043854, -1.6925760507583618], [-0.5846821665763855, -0.4695752263069153, 0.6615480184555054, 2.3484954833984375], [1.4901162970204496e-08, 0.8154549598693848, 0.5788204073905945, 2.054812431335449], [0.0, 0.0, 0.0, 1.0]], "0051": [[0.9030654430389404, 0.019796140491962433, -0.42904651165008545, -1.5231152772903442], [-0.4295029938220978, 0.04162301868200302, -0.9021056294441223, -3.2024753093719482], [1.862645371275562e-09, 0.99893718957901, 0.046090807765722275, 0.16362237930297852], [0.0, 0.0, 0.0, 1.0]], "0052": [[-0.9979561567306519, -0.0016099425265565515, 0.0638824924826622, 0.22678285837173462], [0.06390278041362762, -0.025142131373286247, 0.9976392984390259, 3.5416197776794434], [1.1641533570472262e-10, 0.9996825456619263, 0.025193622335791588, 0.08943736553192139], [0.0, 0.0, 0.0, 1.0]], "0053": [[-0.41908612847328186, -0.011924644000828266, 0.9078681468963623, 3.2229318618774414], [0.9079465270042419, -0.005504126660525799, 0.4190499484539032, 1.4876272678375244], [-4.656612873077393e-10, 0.9999138116836548, 0.01313364040106535, 0.04662442207336426], [0.0, 0.0, 0.0, 1.0]], "0054": [[0.7637651562690735, -0.31978288292884827, 0.5607154369354248, 1.9905400276184082], [0.6454944014549255, 0.3783751130104065, -0.6634525656700134, -2.3552567958831787], [1.4901162970204496e-08, 0.8686606287956238, 0.4954076409339905, 1.758697271347046], [0.0, 0.0, 0.0, 1.0]], "0055": [[0.6146345734596252, 0.02913244254887104, -0.788273811340332, -2.798372268676758], [-0.7888120412826538, 0.022699709981679916, -0.6142151951789856, -2.180464029312134], [-1.862645371275562e-09, 0.9993177652359009, 0.036932043731212616, 0.13110876083374023], [0.0, 0.0, 0.0, 1.0]], "0056": [[0.840096652507782, 0.1610855907201767, -0.5179663896560669, -1.8387808799743652], [-0.5424368977546692, 0.24948054552078247, -0.8021979928016663, -2.8478031158447266], [0.0, 0.954887866973877, 0.2969664931297302, 1.0542311668395996], [0.0, 0.0, 0.0, 1.0]], "0057": [[-0.4484761655330658, 0.008042172528803349, 0.8937586545944214, 3.1728427410125732], [0.8937947750091553, 0.004035291727632284, 0.4484580457210541, 1.592025876045227], [0.0, 0.9999595880508423, -0.008997783996164799, -0.031942129135131836], [0.0, 0.0, 0.0, 1.0]], "0058": [[0.8832671046257019, -0.18335478007793427, 0.43153253197669983, 1.5319404602050781], [0.46887025237083435, 0.3454073965549469, -0.8129295706748962, -2.885899782180786], [0.0, 0.920366644859314, 0.3910565972328186, 1.3882508277893066], [0.0, 0.0, 0.0, 1.0]], "0059": [[0.1510731428861618, -0.09993194043636322, 0.9834584593772888, 3.4912774562835693], [0.9885226488113403, 0.015272318385541439, -0.15029920637607574, -0.533562183380127], [9.313225746154785e-10, 0.9948770999908447, 0.10109222680330276, 0.35887739062309265], [0.0, 0.0, 0.0, 1.0]], "0060": [[-0.9868636131286621, 0.1024184599518776, -0.12494306266307831, -0.4435478448867798], [-0.16155590116977692, -0.6256227493286133, 0.7632141709327698, 2.7094101905822754], [0.0, 0.773373544216156, 0.6339505910873413, 2.2505245208740234], [0.0, 0.0, 0.0, 1.0]], "0061": [[0.9927114844322205, -0.008655195124447346, 0.1202041506767273, 0.4267246723175049], [0.12051534652709961, 0.07129475474357605, -0.9901480674743652, -3.5150251388549805], [0.0, 0.9974178075790405, 0.07181820273399353, 0.25495457649230957], [0.0, 0.0, 0.0, 1.0]], "0062": [[0.8282998204231262, 0.31554824113845825, -0.46297815442085266, -1.6435725688934326], [-0.560285210609436, 0.4664919674396515, -0.6844455003738403, -2.429781675338745], [2.980232594040899e-08, 0.8263259530067444, 0.5631921887397766, 1.9993324279785156], [0.0, 0.0, 0.0, 1.0]], "0063": [[-0.7920319437980652, -0.2638285160064697, 0.550527036190033, 1.9543712139129639], [0.6104797720909119, -0.34228914976119995, 0.7142496705055237, 2.5355865955352783], [0.0, 0.9017941355705261, 0.43216586112976074, 1.5341888666152954], [0.0, 0.0, 0.0, 1.0]], "0064": [[0.6255820989608765, -0.14253327250480652, 0.7670275568962097, 2.722947835922241], [0.7801583409309387, 0.11429252475500107, -0.6150529980659485, -2.1834380626678467], [0.0, 0.9831690788269043, 0.18269787728786469, 0.6485774517059326], [0.0, 0.0, 0.0, 1.0]], "0065": [[-0.6515892148017883, 0.4035367965698242, -0.6423313617706299, -2.280276298522949], [-0.7585720419883728, -0.3466252386569977, 0.5517421960830688, 1.9586846828460693], [1.4901161193847656e-08, 0.8467638492584229, 0.5319690108299255, 1.888489842414856], [0.0, 0.0, 0.0, 1.0]], "0066": [[-0.9593031406402588, 0.1560523808002472, -0.2353406399488449, -0.8354592323303223], [-0.2823784053325653, -0.5301451086997986, 0.7995052337646484, 2.8382434844970703], [7.450580596923828e-09, 0.8334228992462158, 0.5526357293128967, 1.961856722831726], [0.0, 0.0, 0.0, 1.0]], "0067": [[0.6132367253303528, 0.22637058794498444, -0.7567675709724426, -2.6865248680114746], [-0.7898992896080017, 0.17574234306812286, -0.5875149965286255, -2.0856781005859375], [0.0, 0.9580557942390442, 0.2865816056728363, 1.0173646211624146], [0.0, 0.0, 0.0, 1.0]], "0068": [[-0.8917848467826843, 0.17533020675182343, -0.4171079993247986, -1.4807333946228027], [-0.4524596929550171, -0.34557071328163147, 0.82210773229599, 2.9184823036193848], [1.4901161193847656e-08, 0.9218677282333374, 0.38750460743904114, 1.3756413459777832], [0.0, 0.0, 0.0, 1.0]], "0069": [[0.047889724373817444, -0.08971959352493286, 0.9948150515556335, 3.5315933227539062], [0.9988526701927185, 0.004301581997424364, -0.04769614338874817, -0.16932129859924316], [0.0, 0.9959577918052673, 0.08982265740633011, 0.3188704252243042], [0.0, 0.0, 0.0, 1.0]], "0070": [[-0.8940978050231934, -0.04548346996307373, 0.4455564320087433, 1.5817254781723022], [0.4478720426559448, -0.09079975634813309, 0.8894751071929932, 3.157636880874634], [0.0, 0.9948298931121826, 0.10155462473630905, 0.3605189323425293], [0.0, 0.0, 0.0, 1.0]], "0071": [[-0.9586427807807922, 0.15666894614696503, -0.23761089146137238, -0.8435187339782715], [-0.2846122086048126, -0.5276989340782166, 0.8003309369087219, 2.841175079345703], [-1.4901162970204496e-08, 0.8348584771156311, 0.5504646301269531, 1.9541494846343994], [0.0, 0.0, 0.0, 1.0]], "0072": [[0.999269962310791, -0.015423004515469074, 0.03495202586054802, 0.12407970428466797], [0.03820357844233513, 0.40341103076934814, -0.914220929145813, -3.2454845905303955], [9.31322685637781e-10, 0.914888858795166, 0.4037057161331177, 1.4331554174423218], [0.0, 0.0, 0.0, 1.0]], "0073": [[-0.9311965703964233, 0.08388989418745041, -0.35473310947418213, -1.2593026161193848], [-0.3645176589488983, -0.2143050730228424, 0.9062009453773499, 3.2170135974884033], [0.0, 0.9731577038764954, 0.23013944923877716, 0.8169950842857361], [0.0, 0.0, 0.0, 1.0]], "0074": [[0.6900345087051392, 0.01006312109529972, -0.7237065434455872, -2.5691580772399902], [-0.7237764596939087, 0.009593985043466091, -0.6899678111076355, -2.449385643005371], [0.0, 0.9999033808708191, 0.013903631828725338, 0.04935789108276367], [0.0, 0.0, 0.0, 1.0]], "0075": [[-0.7144290208816528, 0.4227273464202881, -0.5575776696205139, -1.9794007539749146], [-0.6997079849243164, -0.4316210448741913, 0.5693084597587585, 2.021044969558716], [0.0, 0.7968720197677612, 0.6041482090950012, 2.144726037979126], [0.0, 0.0, 0.0, 1.0]], "0076": [[0.4938082993030548, -0.26102861762046814, 0.8294681310653687, 2.9446120262145996], [0.8695708513259888, 0.1482318639755249, -0.4710349440574646, -1.6721742153167725], [-7.450581485102248e-09, 0.9538822174072266, 0.30018097162246704, 1.0656424760818481], [0.0, 0.0, 0.0, 1.0]], "0077": [[-0.8209434747695923, 0.22000275552272797, -0.5269256234169006, -1.8705857992172241], [-0.5710094571113586, -0.3162992000579834, 0.7575638890266418, 2.689351797103882], [0.0, 0.9227966070175171, 0.38528740406036377, 1.3677701950073242], [0.0, 0.0, 0.0, 1.0]], "0078": [[0.1499626636505127, -0.30117806792259216, 0.9417021870613098, 3.3430426120758057], [0.9886917471885681, 0.04568205028772354, -0.14283539354801178, -0.5070656538009644], [3.725290298461914e-09, 0.9524731040000916, 0.3046228289604187, 1.0814110040664673], [0.0, 0.0, 0.0, 1.0]], "0079": [[0.9763193726539612, -0.04405081272125244, 0.21180221438407898, 0.7518978118896484], [0.21633459627628326, 0.19880160689353943, -0.9558647274971008, -3.393319606781006], [-3.725290742551124e-09, 0.9790492057800293, 0.20362357795238495, 0.7228636741638184], [0.0, 0.0, 0.0, 1.0]], "0080": [[0.8098242282867432, 0.237514466047287, -0.5364435911178589, -1.904374599456787], [-0.5866727232933044, 0.3278573453426361, -0.7404895424842834, -2.628737688064575], [0.0, 0.914383053779602, 0.4048500955104828, 1.4372178316116333], [0.0, 0.0, 0.0, 1.0]], "0081": [[-0.9971539974212646, 0.028523115441203117, -0.06978894770145416, -0.24775075912475586], [-0.07539273798465729, -0.3772503137588501, 0.9230374693870544, 3.276782989501953], [1.862645149230957e-09, 0.9256719946861267, 0.37832707166671753, 1.343061089515686], [0.0, 0.0, 0.0, 1.0]], "0082": [[-0.7973921298980713, 0.2629006803035736, -0.5431841015815735, -1.9283034801483154], [-0.6034614443778992, -0.34738749265670776, 0.7177438735961914, 2.547990560531616], [0.0, 0.9001140594482422, 0.43565452098846436, 1.546573519706726], [0.0, 0.0, 0.0, 1.0]], "0083": [[0.24811714887619019, -0.14505106210708618, 0.9578089714050293, 3.400221824645996], [0.9687300324440002, 0.03715138137340546, -0.24531997740268707, -0.8708859086036682], [-3.725290298461914e-09, 0.9887264370918274, 0.14973321557044983, 0.5315529108047485], [0.0, 0.0, 0.0, 1.0]], "0084": [[-0.9964394569396973, -0.04097379371523857, 0.07368655502796173, 0.2615872621536255], [0.08431227505207062, -0.48424622416496277, 0.8708599805831909, 3.091552734375], [0.0, 0.8739718198776245, 0.48597660660743713, 1.7252168655395508], [0.0, 0.0, 0.0, 1.0]], "0085": [[-0.9428767561912537, 0.1125936284661293, -0.31353825330734253, -1.113060712814331], [-0.333141952753067, -0.3186686933040619, 0.8873932361602783, 3.1502459049224854], [0.0, 0.9411550760269165, 0.3379749357700348, 1.1998109817504883], [0.0, 0.0, 0.0, 1.0]], "0086": [[0.1706472635269165, 0.6403343081474304, -0.7489001750946045, -2.658595561981201], [-0.985332190990448, 0.11089793592691422, -0.1297001838684082, -0.4604356288909912], [0.0, 0.7600483894348145, 0.6498664617538452, 2.307025909423828], [0.0, 0.0, 0.0, 1.0]], "0087": [[0.29801902174949646, -0.4969255328178406, 0.8150151968002319, 2.893303871154785], [0.9545599818229675, 0.15514294803142548, -0.25445234775543213, -0.9033057689666748], [0.0, 0.8538124561309814, 0.5205807685852051, 1.8480615615844727], [0.0, 0.0, 0.0, 1.0]], "0088": [[0.8762727975845337, -0.2620254158973694, 0.40433740615844727, 1.4353978633880615], [0.4818153977394104, 0.47654294967651367, -0.7353643178939819, -2.6105434894561768], [0.0, 0.8391957879066467, 0.5438295006752014, 1.9305949211120605], [0.0, 0.0, 0.0, 1.0]], "0089": [[-0.984921932220459, -0.07744092494249344, 0.1546989232301712, 0.5491812229156494], [0.17299959063529968, -0.4408870041370392, 0.880732536315918, 3.126600742340088], [0.0, 0.8942156434059143, 0.44763651490211487, 1.5891097784042358], [0.0, 0.0, 0.0, 1.0]], "0090": [[0.5173099637031555, 0.476363867521286, -0.7109626531600952, -2.5239174365997314], [-0.855798065662384, 0.2879508435726166, -0.4297603368759155, -1.5256491899490356], [0.0, 0.8307598233222961, 0.5566310882568359, 1.976040244102478], [0.0, 0.0, 0.0, 1.0]], "0091": [[-0.6483312845230103, 0.4711499810218811, -0.5980671048164368, -2.123138189315796], [-0.761358380317688, -0.4012056589126587, 0.5092813372612, 1.8079487085342407], [-1.4901161193847656e-08, 0.7855263948440552, 0.6188281178474426, 2.1968398094177246], [0.0, 0.0, 0.0, 1.0]], "0092": [[-0.003940959461033344, 0.17742501199245453, -0.9841264486312866, -3.4936487674713135], [-0.9999922513961792, -0.0006992301787249744, 0.0038784323260188103, 0.013768434524536133], [0.0, 0.9841340780258179, 0.17742638289928436, 0.6298636198043823], [0.0, 0.0, 0.0, 1.0]], "0093": [[-0.6691995859146118, -0.14092515408992767, 0.7295971512794495, 2.5900697708129883], [0.7430827021598816, -0.12691327929496765, 0.6570549011230469, 2.3325448036193848], [7.450580596923828e-09, 0.9818518757820129, 0.18964935839176178, 0.673255205154419], [0.0, 0.0, 0.0, 1.0]], "0094": [[0.7182762026786804, 0.2204229086637497, -0.6599189639091492, -2.342712163925171], [-0.695758044719696, 0.22755688428878784, -0.6812772154808044, -2.41853404045105], [0.0, 0.9484890699386597, 0.316809743642807, 1.1246745586395264], [0.0, 0.0, 0.0, 1.0]], "0095": [[0.7812245488166809, 0.34006133675575256, -0.5234946012496948, -1.8584058284759521], [-0.6242502331733704, 0.4255733788013458, -0.6551328897476196, -2.3257217407226562], [0.0, 0.8385974764823914, 0.5447516441345215, 1.933868169784546], [0.0, 0.0, 0.0, 1.0]], "0096": [[-0.13972336053848267, -0.3313906192779541, 0.933090329170227, 3.3124709129333496], [0.9901906251907349, -0.04676171764731407, 0.13166607916355133, 0.46741461753845215], [3.725290742551124e-09, 0.9423341155052185, 0.33467355370521545, 1.1880911588668823], [0.0, 0.0, 0.0, 1.0]], "0097": [[0.8760529160499573, -0.14266501367092133, 0.46062785387039185, 1.6352289915084839], [0.4822150468826294, 0.2591833174228668, -0.8368348479270935, -2.970763921737671], [0.0, 0.9552332758903503, 0.29585349559783936, 1.050279974937439], [0.0, 0.0, 0.0, 1.0]], "0098": [[0.9167256355285645, -0.08421920984983444, 0.39053982496261597, 1.3864164352416992], [0.39951756596565247, 0.19324783980846405, -0.8961254954338074, -3.181245803833008], [7.450581485102248e-09, 0.9775287508964539, 0.21080227196216583, 0.7483481168746948], [0.0, 0.0, 0.0, 1.0]], "0099": [[-0.7194183468818665, -0.022242706269025803, 0.694220781326294, 2.4644839763641357], [0.6945770978927612, -0.02303820662200451, 0.7190492749214172, 2.5526251792907715], [0.0, 0.9994871616363525, 0.03202337399125099, 0.11368298530578613], [0.0, 0.0, 0.0, 1.0]]}